x_degree: 2
y_degree: 2
num_x_ctrl_points: 100
num_y_ctrl_points: 100
x_knots: 0.02, 0.02, 0.02, 0.03, 0.04, 0.05, 0.06, 0.07, 0.08, 0.09, 0.1, 0.11, 0.12, 0.13, 0.14, 0.15, 0.16, 0.17, 0.18, 0.19, 0.2, 0.21, 0.22, 0.23, 0.24, 0.25, 0.26, 0.27, 0.28, 0.29, 0.3, 0.31, 0.32, 0.33, 0.34, 0.35, 0.36, 0.37, 0.38, 0.39, 0.4, 0.41, 0.42, 0.43, 0.44, 0.45, 0.46, 0.47, 0.48, 0.49, 0.5, 0.51, 0.52, 0.53, 0.54, 0.55, 0.56, 0.57, 0.58, 0.59, 0.6, 0.61, 0.62, 0.63, 0.64, 0.65, 0.66, 0.67, 0.68, 0.69, 0.7, 0.71, 0.72, 0.73, 0.74, 0.75, 0.76, 0.77, 0.78, 0.79, 0.8, 0.81, 0.82, 0.83, 0.84, 0.85, 0.86, 0.87, 0.88, 0.89, 0.9, 0.91, 0.92, 0.93, 0.94, 0.95, 0.96, 0.97, 0.98, 0.99
y_knots: 0.2, 0.2, 0.2, 0.218367, 0.236735, 0.255102, 0.273469, 0.291837, 0.310204, 0.328571, 0.346939, 0.365306, 0.383673, 0.402041, 0.420408, 0.438776, 0.457143, 0.47551, 0.493878, 0.512245, 0.530612, 0.54898, 0.567347, 0.585714, 0.604082, 0.622449, 0.640816, 0.659184, 0.677551, 0.695918, 0.714286, 0.732653, 0.75102, 0.769388, 0.787755, 0.806122, 0.82449, 0.842857, 0.861224, 0.879592, 0.897959, 0.916327, 0.934694, 0.953061, 0.971429, 0.989796, 1.00816, 1.02653, 1.0449, 1.06327, 1.08163, 1.1, 1.11837, 1.13673, 1.1551, 1.17347, 1.19184, 1.2102, 1.22857, 1.24694, 1.26531, 1.28367, 1.30204, 1.32041, 1.33878, 1.35714, 1.37551, 1.39388, 1.41224, 1.43061, 1.44898, 1.46735, 1.48571, 1.50408, 1.52245, 1.54082, 1.55918, 1.57755, 1.59592, 1.61429, 1.63265, 1.65102, 1.66939, 1.68776, 1.70612, 1.72449, 1.74286, 1.76122, 1.77959, 1.79796, 1.81633, 1.83469, 1.85306, 1.87143, 1.8898, 1.90816, 1.92653, 1.9449, 1.96327, 1.98163
coefficients: 
9.77088, -84.6603, 71.6834, -63.2966, 58.3062, -0.682222, 24.3946, 25.576, 15.2217, 28.1226, 21.1893, 25.9307, 26.7089, 27.0701, 29.2064, 29.6778, 31.3135, 32.2677, 33.4845, 34.6307, 35.7248, 36.9132, 38.0023, 39.143, 40.2572, 41.3649, 42.4677, 43.5614, 44.6472, 45.7249, 46.794, 47.8543, 48.9056, 49.9476, 50.9801, 52.0029, 53.0155, 54.0184, 55.0091, 55.9948, 56.9608, 57.9356, 58.8818, 59.8184, 60.7429, 61.6555, 62.5558, 63.4437, 64.3189, 65.1814, 66.0309, 66.8673, 67.6903, 68.4998, 69.2957, 70.0777, 70.8458, 71.5998, 72.3395, 73.0649, 73.7758, 74.472, 75.1535, 75.8201, 76.4717, 77.1083, 77.7297, 78.3359, 78.9267, 79.5022, 80.062, 80.6081, 81.1361, 81.6495, 82.1468, 82.6284, 83.0942, 83.5442, 83.9783, 84.3966, 84.7939, 85.1831, 85.5519, 85.9074, 86.2454, 86.5685, 86.8751, 87.1663, 87.4413, 87.7005, 87.9472, 88.1449, 88.3838, 88.5555, 88.7605, 88.9014, 89.0774, 89.1832, 89.3359, 89.3678
-0.953308, 8.25999, -6.99388, 6.17572, -5.80119, 269.317, 175.247, 187.703, 251.577, 211.541, 260.011, 256.293, 270.214, 285.94, 293.677, 308.784, 318.626, 331.439, 343.005, 354.807, 366.76, 378.205, 390.003, 401.476, 412.969, 424.39, 435.725, 446.992, 458.18, 469.287, 480.31, 491.247, 502.096, 512.853, 523.517, 534.084, 544.553, 554.919, 565.189, 575.328, 585.397, 595.268, 605.103, 614.814, 624.409, 633.886, 643.242, 652.475, 661.583, 670.565, 679.418, 688.14, 696.731, 705.188, 713.509, 721.693, 729.739, 737.645, 745.409, 753.03, 760.507, 767.839, 775.024, 782.06, 788.948, 795.685, 802.271, 808.705, 814.986, 821.113, 827.086, 832.895, 838.558, 844.06, 849.407, 854.595, 859.625, 864.496, 869.207, 873.759, 878.174, 882.393, 886.473, 890.381, 894.136, 897.725, 901.158, 904.428, 907.54, 910.492, 913.27, 916.038, 918.393, 920.82, 922.871, 924.981, 926.709, 928.526, 929.909, 930.688
5.91061, -51.2128, 43.3628, -38.2894, 35.228, 101.666, 188.813, 199.508, 173.091, 221.454, 205.99, 228.045, 237.358, 245.268, 258.925, 267.17, 279.14, 288.892, 299.465, 309.784, 319.908, 330.306, 340.354, 350.537, 360.602, 370.611, 380.569, 390.46, 400.288, 410.05, 419.743, 429.365, 438.915, 448.389, 457.787, 467.106, 476.344, 485.499, 494.565, 503.562, 512.442, 521.295, 530, 538.617, 547.137, 555.559, 563.881, 572.102, 580.219, 588.232, 596.138, 603.937, 611.626, 619.204, 626.67, 634.022, 641.259, 648.379, 655.382, 662.266, 669.03, 675.673, 682.193, 688.591, 694.863, 701.011, 707.032, 712.926, 718.692, 724.329, 729.837, 735.22, 740.464, 745.58, 750.562, 755.412, 760.129, 764.712, 769.161, 773.476, 777.64, 781.695, 785.599, 789.376, 793.013, 796.518, 799.885, 803.117, 806.213, 809.173, 812.008, 814.601, 817.241, 819.581, 821.943, 824.015, 826.115, 827.905, 829.762, 830.506
3.13365, -27.1517, 22.9898, -20.3, 18.6723, 64.909, 111.265, 126.339, 162.357, 142.134, 169.864, 169.316, 178.302, 188.293, 193.909, 203.542, 210.318, 218.703, 226.409, 234.241, 242.152, 249.785, 257.606, 265.249, 272.9, 280.508, 288.067, 295.585, 303.057, 310.481, 317.856, 325.18, 332.452, 339.67, 346.832, 353.938, 360.985, 367.972, 374.901, 381.754, 388.563, 395.259, 401.93, 408.527, 415.056, 421.513, 427.899, 434.211, 440.448, 446.61, 452.694, 458.701, 464.628, 470.475, 476.24, 481.923, 487.523, 493.038, 498.468, 503.811, 509.067, 514.235, 519.314, 524.304, 529.203, 534.01, 538.726, 543.349, 547.879, 552.315, 556.656, 560.898, 565.051, 569.104, 573.063, 576.923, 580.687, 584.352, 587.92, 591.388, 594.771, 598.035, 601.211, 604.282, 607.256, 610.128, 612.903, 615.576, 618.15, 620.624, 622.99, 625.337, 627.447, 629.582, 631.499, 633.434, 635.148, 636.896, 638.394, 639.183
0.44737, -3.87626, 3.2821, -2.89808, 2.64748, 52.9553, 64.4484, 94.4445, 97.5745, 125.858, 116.484, 129.284, 134.551, 138.99, 146.827, 151.468, 158.312, 163.849, 169.874, 175.751, 181.517, 187.448, 193.177, 198.989, 204.735, 210.452, 216.144, 221.801, 227.424, 233.014, 238.568, 244.085, 249.565, 255.006, 260.407, 265.766, 271.084, 276.359, 281.586, 286.779, 291.909, 297.03, 302.069, 307.063, 312.006, 316.898, 321.738, 326.524, 331.256, 335.934, 340.555, 345.12, 349.628, 354.077, 358.467, 362.797, 367.067, 371.275, 375.421, 379.504, 383.525, 387.481, 391.372, 395.198, 398.958, 402.652, 406.279, 409.838, 413.33, 416.753, 420.107, 423.395, 426.608, 429.754, 432.828, 435.832, 438.764, 441.625, 444.414, 447.132, 449.767, 452.345, 454.842, 457.27, 459.623, 461.905, 464.113, 466.248, 468.309, 470.297, 472.218, 474.002, 475.821, 477.468, 479.136, 480.638, 482.163, 483.51, 484.904, 485.494
1.44449, -12.5159, 10.5974, -9.35754, 8.60675, 31.1305, 52.6245, 59.8789, 77.1722, 80.6025, 97.8824, 96.9659, 102.202, 108.088, 111.152, 116.81, 120.628, 125.486, 129.91, 134.418, 138.98, 143.368, 147.88, 152.284, 156.696, 161.084, 165.445, 169.785, 174.1, 178.389, 182.652, 186.888, 191.096, 195.275, 199.424, 203.542, 207.63, 211.684, 215.709, 219.69, 223.651, 227.545, 231.43, 235.275, 239.083, 242.853, 246.584, 250.275, 253.926, 257.536, 261.105, 264.631, 268.114, 271.554, 274.95, 278.302, 281.608, 284.868, 288.082, 291.249, 294.369, 297.441, 300.465, 303.44, 306.366, 309.243, 312.069, 314.845, 317.57, 320.243, 322.866, 325.433, 327.953, 330.418, 332.831, 335.191, 337.498, 339.751, 341.95, 344.096, 346.195, 348.227, 350.213, 352.139, 354.013, 355.831, 357.595, 359.303, 360.957, 362.556, 364.094, 365.63, 367.021, 368.438, 369.723, 371.029, 372.202, 373.405, 374.456, 375.012
0.628299, -5.44393, 4.60948, -4.07017, 3.73848, 25.8125, 36.5391, 47.4577, 54.2234, 63.5628, 68.549, 77.6784, 80.7653, 83.2729, 88.1792, 90.8325, 95.0425, 98.3326, 101.97, 105.506, 108.967, 112.547, 115.99, 119.492, 122.953, 126.399, 129.83, 133.241, 136.634, 140.007, 143.36, 146.692, 150.002, 153.291, 156.557, 159.799, 163.017, 166.212, 169.378, 172.527, 175.638, 178.748, 181.807, 184.841, 187.846, 190.822, 193.768, 196.684, 199.569, 202.422, 205.243, 208.032, 210.789, 213.511, 216.2, 218.855, 221.475, 224.06, 226.61, 229.123, 231.6, 234.041, 236.444, 238.81, 241.138, 243.428, 245.679, 247.892, 250.065, 252.199, 254.294, 256.351, 258.364, 260.339, 262.272, 264.165, 266.016, 267.827, 269.596, 271.323, 273.002, 274.65, 276.25, 277.811, 279.327, 280.803, 282.236, 283.627, 284.974, 286.28, 287.547, 288.726, 289.94, 291.042, 292.167, 293.184, 294.226, 295.153, 296.12, 296.533
0.606293, -5.25326, 4.44802, -3.92761, 3.60993, 19.1818, 28.8581, 35.8678, 42.5638, 48.0242, 53.8762, 58.4942, 64.0343, 67.9074, 69.6151, 73.3279, 75.6207, 78.7199, 81.4858, 84.3202, 87.1991, 89.9466, 92.7928, 95.5599, 98.3358, 101.098, 103.843, 106.575, 109.293, 111.995, 114.681, 117.352, 120.005, 122.641, 125.259, 127.859, 130.44, 133.001, 135.544, 138.06, 140.566, 143.027, 145.487, 147.922, 150.335, 152.725, 155.092, 157.435, 159.753, 162.047, 164.316, 166.559, 168.777, 170.968, 173.133, 175.271, 177.381, 179.464, 181.519, 183.546, 185.544, 187.514, 189.454, 191.365, 193.246, 195.097, 196.918, 198.708, 200.467, 202.196, 203.893, 205.557, 207.192, 208.794, 210.365, 211.903, 213.409, 214.883, 216.324, 217.732, 219.114, 220.452, 221.764, 223.039, 224.282, 225.492, 226.668, 227.81, 228.92, 229.995, 231.034, 232.079, 233.021, 233.992, 234.871, 235.775, 236.584, 237.426, 238.159, 238.554
0.456815, -3.9581, 3.35139, -2.95928, 2.71956, 15.3281, 22.7277, 28.515, 33.6104, 38.1059, 42.4838, 46.441, 50.4744, 54.0569, 57.4971, 59.0459, 61.9149, 64.0071, 66.3957, 68.7016, 70.9466, 73.2959, 75.5317, 77.8208, 80.0794, 82.3281, 84.5687, 86.7963, 89.0121, 91.2157, 93.4067, 95.5845, 97.7489, 99.8994, 102.036, 104.157, 106.263, 108.355, 110.428, 112.492, 114.53, 116.573, 118.579, 120.569, 122.542, 124.495, 126.431, 128.347, 130.243, 132.12, 133.977, 135.813, 137.628, 139.423, 141.196, 142.948, 144.678, 146.385, 148.07, 149.733, 151.372, 152.989, 154.582, 156.151, 157.696, 159.218, 160.715, 162.187, 163.635, 165.058, 166.456, 167.83, 169.177, 170.499, 171.794, 173.065, 174.309, 175.527, 176.719, 177.884, 179.017, 180.133, 181.217, 182.277, 183.309, 184.315, 185.294, 186.245, 187.17, 188.068, 188.942, 189.751, 190.598, 191.36, 192.149, 192.857, 193.595, 194.243, 194.935, 195.226
0.379909, -3.29174, 2.78718, -2.46108, 2.26188, 12.3478, 18.4475, 22.9999, 27.2639, 30.7674, 34.4275, 37.4456, 40.9306, 43.5538, 46.7458, 49.4452, 50.8454, 52.998, 54.8429, 56.7541, 58.7098, 60.5462, 62.4776, 64.3388, 66.2117, 68.0751, 69.9267, 71.7706, 73.6047, 75.4287, 77.2424, 79.0455, 80.8375, 82.6182, 84.3873, 86.1443, 87.8892, 89.6209, 91.3415, 93.0424, 94.7395, 96.4005, 98.0665, 99.7158, 101.351, 102.97, 104.575, 106.164, 107.737, 109.293, 110.834, 112.358, 113.864, 115.354, 116.826, 118.281, 119.718, 121.136, 122.537, 123.918, 125.282, 126.626, 127.951, 129.256, 130.543, 131.809, 133.056, 134.282, 135.489, 136.675, 137.84, 138.985, 140.109, 141.213, 142.295, 143.356, 144.396, 145.414, 146.412, 147.387, 148.347, 149.276, 150.188, 151.076, 151.943, 152.787, 153.61, 154.411, 155.19, 155.947, 156.677, 157.424, 158.084, 158.78, 159.398, 160.05, 160.622, 161.234, 161.754, 162.044
0.312957, -2.71163, 2.29599, -2.02736, 1.86326, 10.1668, 15.1918, 18.9496, 22.4334, 25.3598, 28.3199, 30.8496, 33.6428, 35.8981, 38.4035, 40.8304, 42.9831, 44.3596, 46.0418, 47.6421, 49.183, 50.8336, 52.3714, 53.9669, 55.5348, 57.0963, 58.6534, 60.201, 61.7406, 63.2721, 64.795, 66.309, 67.8139, 69.3095, 70.7953, 72.2713, 73.7369, 75.1925, 76.6356, 78.0743, 79.4916, 80.9206, 82.3178, 83.7054, 85.0805, 86.4431, 87.793, 89.13, 90.4538, 91.7642, 93.061, 94.3439, 95.6129, 96.8676, 98.1079, 99.3335, 100.544, 101.74, 102.921, 104.086, 105.236, 106.37, 107.488, 108.59, 109.675, 110.745, 111.798, 112.834, 113.854, 114.857, 115.842, 116.811, 117.762, 118.696, 119.613, 120.512, 121.393, 122.257, 123.103, 123.931, 124.741, 125.532, 126.306, 127.062, 127.799, 128.518, 129.219, 129.902, 130.566, 131.212, 131.843, 132.406, 133.037, 133.572, 134.162, 134.66, 135.216, 135.671, 136.201, 136.402
0.263228, -2.28075, 1.93116, -1.70521, 1.56722, 8.49204, 12.7053, 15.8312, 18.7525, 21.1823, 23.6946, 25.742, 28.1411, 29.9283, 32.1541, 34.0004, 36.089, 37.7008, 38.9853, 40.3469, 41.7615, 43.0449, 44.4385, 45.7564, 47.091, 48.4188, 49.7369, 51.0505, 52.3572, 53.6569, 54.9493, 56.2344, 57.5118, 58.7813, 60.0427, 61.2957, 62.5404, 63.7756, 65.0039, 66.2156, 67.4291, 68.6076, 69.798, 70.9759, 72.1437, 73.301, 74.4477, 75.5835, 76.7082, 77.8217, 78.9238, 80.0143, 81.0929, 82.1596, 83.2142, 84.2565, 85.2863, 86.3035, 87.308, 88.2995, 89.2779, 90.2432, 91.1951, 92.1336, 93.0584, 93.9695, 94.8667, 95.75, 96.6191, 97.4741, 98.3148, 99.1411, 99.9529, 100.75, 101.533, 102.3, 103.053, 103.791, 104.514, 105.222, 105.915, 106.593, 107.256, 107.903, 108.535, 109.151, 109.753, 110.338, 110.909, 111.464, 111.999, 112.573, 113.037, 113.571, 114.009, 114.512, 114.915, 115.394, 115.754, 115.988
0.219425, -1.90122, 1.60979, -1.42145, 1.30637, 7.20634, 10.7359, 13.4143, 15.8537, 17.9379, 20.0281, 21.8158, 23.7631, 25.3697, 27.1151, 28.8747, 30.3546, 32.174, 33.4202, 34.5821, 35.6731, 36.9031, 37.9967, 39.1652, 40.3032, 41.437, 42.5691, 43.6937, 44.8126, 45.9257, 47.0327, 48.1333, 49.2275, 50.315, 51.3955, 52.469, 53.5352, 54.594, 55.6447, 56.6895, 57.719, 58.7684, 59.7848, 60.7955, 61.7971, 62.7899, 63.7736, 64.748, 65.7131, 66.6686, 67.6144, 68.5504, 69.4764, 70.3921, 71.2976, 72.1926, 73.077, 73.9508, 74.8136, 75.6655, 76.5063, 77.3358, 78.1541, 78.9608, 79.756, 80.5396, 81.3113, 82.0712, 82.8191, 83.5549, 84.2786, 84.9901, 85.6892, 86.3759, 87.0501, 87.7118, 88.3609, 88.9973, 89.621, 90.2319, 90.8299, 91.415, 91.9872, 92.5462, 93.0925, 93.6256, 94.1457, 94.6526, 95.1464, 95.6267, 96.0989, 96.4965, 96.9876, 97.3689, 97.8285, 98.184, 98.6208, 98.9416, 99.366, 99.5025
0.189195, -1.63929, 1.38802, -1.22562, 1.12642, 6.15718, 9.1913, 11.4657, 13.5722, 15.3277, 17.1448, 18.6411, 20.3458, 21.6587, 23.2273, 24.6174, 26.053, 27.3523, 28.8404, 29.8407, 30.9261, 31.8364, 32.8996, 33.8636, 34.8539, 35.8386, 36.8143, 37.7877, 38.7562, 39.7194, 40.6774, 41.6299, 42.5769, 43.5182, 44.4535, 45.3828, 46.3058, 47.2224, 48.1325, 49.0358, 49.9322, 50.8216, 51.7038, 52.5787, 53.4461, 54.3058, 55.1578, 56.0018, 56.8378, 57.6656, 58.4851, 59.2961, 60.0984, 60.8921, 61.6769, 62.4528, 63.2196, 63.9772, 64.7254, 65.4643, 66.1936, 66.9133, 67.6233, 68.3234, 69.0136, 69.6937, 70.3638, 71.0237, 71.6733, 72.3125, 72.9413, 73.5595, 74.1672, 74.7643, 75.3506, 75.9262, 76.4909, 77.0448, 77.5877, 78.1196, 78.6405, 79.1503, 79.649, 80.1367, 80.613, 81.0782, 81.532, 81.9747, 82.406, 82.8265, 83.2298, 83.632, 84.0138, 84.3921, 84.7519, 85.1076, 85.4444, 85.778, 86.0911, 86.2474
0.163394, -1.41574, 1.19873, -1.05848, 0.972803, 5.31707, 7.93532, 9.90081, 11.7111, 13.2404, 14.7878, 16.1045, 17.5469, 18.7152, 20.0133, 21.2863, 22.4119, 23.7113, 24.7135, 26.0528, 26.8155, 27.7968, 28.5791, 29.476, 30.3311, 31.1839, 32.0382, 32.8852, 33.7281, 34.5669, 35.401, 36.2304, 37.055, 37.8747, 38.6892, 39.4985, 40.3023, 41.1007, 41.8933, 42.6801, 43.461, 44.2358, 45.0043, 45.7665, 46.5223, 47.2714, 48.0138, 48.7493, 49.4779, 50.1994, 50.9136, 51.6206, 52.3201, 53.0121, 53.6964, 54.3729, 55.0416, 55.7023, 56.355, 56.9995, 57.6358, 58.2637, 58.8832, 59.4942, 60.0966, 60.6903, 61.2753, 61.8514, 62.4187, 62.9769, 63.5262, 64.0663, 64.5973, 65.1191, 65.6316, 66.1348, 66.6286, 67.113, 67.5878, 68.0532, 68.5091, 68.9553, 69.3919, 69.8186, 70.2361, 70.6435, 71.0415, 71.4295, 71.8078, 72.1758, 72.5413, 72.8845, 73.2288, 73.5537, 73.8774, 74.1827, 74.4871, 74.7721, 75.0582, 75.1898
0.142302, -1.23298, 1.04399, -0.92184, 0.847225, 4.62796, 6.90852, 8.6166, 10.1968, 11.5195, 12.8724, 14.008, 15.2805, 16.273, 17.4309, 18.4908, 19.5391, 20.56, 21.6099, 22.4837, 23.6545, 24.268, 25.1385, 25.8519, 26.6114, 27.3657, 28.1094, 28.8535, 29.5938, 30.3299, 31.0622, 31.7903, 32.5143, 33.2339, 33.9491, 34.6597, 35.3655, 36.0665, 36.7626, 37.4536, 38.1394, 38.8199, 39.495, 40.1645, 40.8284, 41.4865, 42.1388, 42.7851, 43.4253, 44.0593, 44.687, 45.3083, 45.9231, 46.5314, 47.133, 47.7278, 48.3157, 48.8968, 49.4708, 50.0376, 50.5973, 51.1498, 51.6948, 52.2325, 52.7626, 53.2852, 53.8001, 54.3074, 54.8068, 55.2985, 55.7823, 56.2581, 56.726, 57.1858, 57.6375, 58.081, 58.5164, 58.9436, 59.3625, 59.7731, 60.1754, 60.5693, 60.9547, 61.3321, 61.7005, 62.0608, 62.4124, 62.7556, 63.0901, 63.4168, 63.7255, 64.0419, 64.3356, 64.633, 64.9106, 65.1908, 65.4509, 65.715, 65.9562, 66.081
0.124952, -1.08265, 0.916702, -0.809449, 0.743934, 4.05694, 6.0569, 7.55252, 8.93575, 10.0993, 11.2792, 12.2796, 13.3871, 14.2702, 15.265, 16.2171, 17.0966, 18.0484, 18.8759, 19.7953, 20.5599, 21.5648, 22.0836, 22.812, 23.4702, 24.1279, 24.7923, 25.4481, 26.1008, 26.7505, 27.3966, 28.0391, 28.6779, 29.3129, 29.944, 30.571, 31.194, 31.8126, 32.427, 33.0368, 33.6422, 34.2428, 34.8387, 35.4297, 36.0158, 36.5968, 37.1727, 37.7433, 38.3086, 38.8684, 39.4228, 39.9715, 40.5146, 41.0518, 41.5832, 42.1087, 42.6281, 43.1414, 43.6486, 44.1495, 44.6441, 45.1323, 45.614, 46.0893, 46.5579, 47.0199, 47.4753, 47.9238, 48.3655, 48.8004, 49.2284, 49.6493, 50.0633, 50.4702, 50.87, 51.2626, 51.6481, 52.0263, 52.3972, 52.7609, 53.1172, 53.4663, 53.8079, 54.1417, 54.4688, 54.7879, 55.1, 55.4043, 55.7013, 55.9898, 56.2725, 56.5462, 56.8137, 57.0731, 57.3248, 57.5692, 57.8057, 58.0351, 58.2565, 58.3637
0.109611, -0.949729, 0.804152, -0.710066, 0.652585, 3.58306, 5.33969, 6.66644, 7.88072, 8.90951, 9.94968, 10.8288, 11.8082, 12.5837, 13.4675, 14.2944, 15.0846, 15.8986, 16.6671, 17.4147, 18.1977, 18.8852, 19.7209, 20.2286, 20.8296, 21.4245, 22.0028, 22.5862, 23.1662, 23.7429, 24.3166, 24.8871, 25.4543, 26.0182, 26.5786, 27.1355, 27.6887, 28.2382, 28.7838, 29.3255, 29.8632, 30.3967, 30.9261, 31.4511, 31.9718, 32.488, 32.9996, 33.5066, 34.0089, 34.5064, 34.9991, 35.4867, 35.9692, 36.4468, 36.9191, 37.3863, 37.8481, 38.3045, 38.7554, 39.2008, 39.6407, 40.075, 40.5035, 40.9263, 41.3432, 41.7543, 42.1594, 42.5586, 42.9517, 43.3388, 43.7198, 44.0946, 44.4632, 44.8256, 45.1817, 45.5314, 45.8749, 46.2119, 46.5426, 46.8668, 47.1845, 47.4957, 47.8004, 48.0986, 48.3902, 48.6752, 48.9536, 49.2254, 49.4906, 49.7503, 50.0013, 50.2474, 50.4853, 50.7169, 50.9425, 51.1608, 51.3731, 51.5781, 51.7771, 51.8729
0.0973423, -0.843428, 0.714145, -0.630591, 0.579545, 3.17884, 4.73799, 5.91377, 6.99084, 7.90303, 8.82528, 9.60545, 10.4717, 11.1617, 11.9435, 12.6794, 13.3739, 14.1016, 14.7714, 15.4515, 16.1183, 16.7861, 17.412, 18.0554, 18.5675, 19.0821, 19.6146, 20.1331, 20.6496, 21.1641, 21.6757, 22.1844, 22.6902, 23.1931, 23.6928, 24.1894, 24.6828, 25.1728, 25.6595, 26.1426, 26.6222, 27.0981, 27.5702, 28.0386, 28.503, 28.9635, 29.42, 29.8723, 30.3205, 30.7644, 31.2039, 31.6391, 32.07, 32.4961, 32.9177, 33.3346, 33.7468, 34.1542, 34.5567, 34.9544, 35.3471, 35.7347, 36.1174, 36.4949, 36.8672, 37.2344, 37.5962, 37.9528, 38.304, 38.6499, 38.9903, 39.3252, 39.6547, 39.9785, 40.2969, 40.6096, 40.9166, 41.218, 41.5135, 41.8036, 42.0878, 42.3662, 42.6389, 42.9057, 43.1668, 43.4219, 43.6713, 43.9147, 44.1523, 44.3822, 44.6094, 44.828, 45.043, 45.2515, 45.4532, 45.6498, 45.8396, 46.0245, 46.2024, 46.289
0.0868419, -0.752447, 0.63711, -0.562568, 0.517029, 2.8348, 4.22492, 5.27302, 6.23355, 7.04526, 7.8686, 8.56254, 9.33453, 9.94883, 10.6469, 11.3025, 11.9193, 12.5693, 13.1615, 13.7749, 14.3543, 14.9719, 15.4955, 16.1371, 16.6209, 17.1062, 17.5575, 18.0243, 18.488, 18.9483, 19.4064, 19.862, 20.3151, 20.7654, 21.213, 21.6578, 22.0997, 22.5386, 22.9745, 23.4073, 23.8368, 24.2632, 24.6861, 25.1057, 25.5218, 25.9344, 26.3434, 26.7486, 27.1502, 27.5479, 27.9418, 28.3318, 28.7175, 29.0995, 29.4773, 29.8509, 30.2204, 30.5856, 30.9465, 31.3029, 31.655, 32.0028, 32.3458, 32.6844, 33.0183, 33.3476, 33.6721, 33.9919, 34.307, 34.6173, 34.9227, 35.2232, 35.5188, 35.8094, 36.0951, 36.3758, 36.6514, 36.922, 37.1877, 37.448, 37.7033, 37.9534, 38.1984, 38.4381, 38.6726, 38.902, 39.1261, 39.3449, 39.5585, 39.7696, 39.9705, 40.1702, 40.3611, 40.5476, 40.7303, 40.9063, 41.0784, 41.2438, 41.4055, 41.4828
0.0782341, -0.677863, 0.573959, -0.506806, 0.465788, 2.53705, 3.78698, 4.72041, 5.58444, 6.30854, 7.04714, 7.66783, 8.35928, 8.90775, 9.53443, 10.1198, 10.6738, 11.2518, 11.786, 12.3261, 12.8589, 13.3917, 13.8939, 14.4051, 14.9622, 15.3546, 15.8017, 16.2179, 16.6334, 17.0484, 17.4608, 17.8709, 18.2786, 18.684, 19.0869, 19.4873, 19.885, 20.2801, 20.6725, 21.0621, 21.4488, 21.8326, 22.2135, 22.5912, 22.9659, 23.3374, 23.7056, 24.0706, 24.4322, 24.7904, 25.1452, 25.4963, 25.8445, 26.1884, 26.5288, 26.8654, 27.1983, 27.5273, 27.8524, 28.1737, 28.491, 28.8039, 29.1132, 29.4183, 29.7192, 30.0161, 30.3087, 30.597, 30.8811, 31.1609, 31.4363, 31.7073, 31.974, 32.2362, 32.4939, 32.7472, 32.9959, 33.2401, 33.4794, 33.7146, 33.945, 34.1709, 34.392, 34.6086, 34.8205, 35.0277, 35.2302, 35.4281, 35.6212, 35.8053, 35.9924, 36.1684, 36.3452, 36.5158, 36.6795, 36.8405, 36.9947, 37.1464, 37.2908, 37.3622
0.0702131, -0.608366, 0.515114, -0.454846, 0.41803, 2.28328, 3.40519, 4.2466, 5.02187, 5.67384, 6.33632, 6.89595, 7.51604, 8.00986, 8.57151, 9.10038, 9.59658, 10.1169, 10.5941, 11.0843, 11.5543, 12.045, 12.4768, 12.9747, 13.4013, 13.9062, 14.2388, 14.6208, 14.9986, 15.3716, 15.7435, 16.1133, 16.4811, 16.8466, 17.21, 17.5711, 17.9298, 18.2862, 18.6401, 18.9915, 19.3403, 19.6864, 20.0299, 20.3707, 20.7086, 21.0437, 21.3759, 21.7051, 22.0314, 22.3545, 22.6745, 22.9915, 23.3042, 23.6148, 23.9218, 24.2256, 24.5259, 24.8227, 25.1161, 25.406, 25.6922, 25.9755, 26.2544, 26.5299, 26.8015, 27.0694, 27.3335, 27.5938, 27.8503, 28.1028, 28.3515, 28.5962, 28.8369, 29.0737, 29.3064, 29.5352, 29.7598, 29.9804, 30.1974, 30.4095, 30.6179, 30.8218, 31.0218, 31.2174, 31.4089, 31.5962, 31.7793, 31.9581, 32.1327, 32.3103, 32.4705, 32.6375, 32.7906, 32.9421, 33.093, 33.236, 33.3785, 33.5126, 33.6471, 33.7095
0.0632482, -0.548017, 0.464016, -0.409726, 0.37656, 2.0625, 3.07346, 3.83464, 4.53292, 5.12188, 5.7192, 6.22404, 6.78375, 7.22888, 7.73555, 8.21259, 8.66081, 9.13019, 9.55933, 10.0014, 10.4259, 10.8658, 11.2617, 11.6988, 12.1098, 12.5107, 12.9265, 13.2619, 13.5994, 13.94, 14.2774, 14.6128, 14.9464, 15.2781, 15.6078, 15.9354, 16.2609, 16.5842, 16.9053, 17.2241, 17.5407, 17.8548, 18.1665, 18.4757, 18.7824, 19.0866, 19.3881, 19.6869, 19.983, 20.2763, 20.5669, 20.8542, 21.1412, 21.4226, 21.7015, 21.9773, 22.25, 22.5197, 22.7861, 23.0494, 23.3095, 23.5663, 23.8198, 24.07, 24.3169, 24.5603, 24.8004, 25.0369, 25.27, 25.4996, 25.7257, 25.9482, 26.1671, 26.3824, 26.5941, 26.8021, 27.0065, 27.2071, 27.4031, 27.5969, 27.786, 27.972, 28.1538, 28.3321, 28.5064, 28.6771, 28.8438, 29.0068, 29.166, 29.3087, 29.4703, 29.6091, 29.7606, 29.8933, 30.0362, 30.1613, 30.2971, 30.4132, 30.5435, 30.596
0.057428, -0.497588, 0.421317, -0.372023, 0.341911, 1.86796, 2.78488, 3.47301, 4.10553, 4.63938, 5.17938, 5.63732, 6.14359, 6.54659, 7.00468, 7.43691, 7.84289, 8.26699, 8.6569, 9.05471, 9.44087, 9.83709, 10.1964, 10.5902, 10.9651, 11.3245, 11.7099, 12.0253, 12.3412, 12.6464, 12.9525, 13.257, 13.5597, 13.8607, 14.1598, 14.457, 14.7524, 15.0458, 15.3371, 15.6265, 15.9137, 16.1987, 16.4816, 16.7622, 17.0405, 17.3165, 17.5901, 17.8613, 18.13, 18.3962, 18.6598, 18.9216, 19.1759, 19.4324, 19.6853, 19.9356, 20.183, 20.4277, 20.6695, 20.9085, 21.1445, 21.3775, 21.6076, 21.8347, 22.0587, 22.2796, 22.4975, 22.7122, 22.9238, 23.1322, 23.3374, 23.5394, 23.7381, 23.9335, 24.1257, 24.3146, 24.5001, 24.6824, 24.8631, 25.0376, 25.2103, 25.3787, 25.5442, 25.7059, 25.8644, 26.0192, 26.1708, 26.3188, 26.4634, 26.6274, 26.7465, 26.8967, 27.0133, 27.1538, 27.2647, 27.3981, 27.501, 27.6298, 27.7218, 27.7857
0.0521954, -0.45225, 0.382928, -0.338126, 0.310758, 1.6977, 2.53065, 3.15587, 3.73064, 4.21484, 4.70663, 5.12004, 5.58151, 5.94685, 6.36336, 6.75453, 7.12407, 7.50981, 7.86256, 8.22433, 8.57401, 8.93443, 9.25929, 9.61939, 9.95377, 10.2944, 10.614, 10.9688, 11.2346, 11.52, 11.7989, 12.0761, 12.3519, 12.626, 12.8987, 13.1695, 13.4386, 13.7059, 13.9714, 14.2351, 14.4968, 14.7566, 15.0143, 15.27, 15.5237, 15.7752, 16.0245, 16.2717, 16.5166, 16.7592, 16.9996, 17.2363, 17.4796, 17.7114, 17.9424, 18.1706, 18.3964, 18.6196, 18.8401, 19.0581, 19.2734, 19.486, 19.6959, 19.9031, 20.1075, 20.3091, 20.5079, 20.7039, 20.897, 21.0872, 21.2745, 21.4588, 21.6402, 21.8187, 21.9941, 22.1666, 22.336, 22.5023, 22.662, 22.8241, 22.9803, 23.1349, 23.2855, 23.4336, 23.5782, 23.72, 23.8583, 23.9937, 24.1258, 24.2547, 24.3806, 24.5032, 24.6227, 24.739, 24.8522, 24.962, 25.0689, 25.1725, 25.2731, 25.3216
0.0476655, -0.413001, 0.349695, -0.308781, 0.283789, 1.54679, 2.30679, 2.87521, 3.39943, 3.84033, 4.28782, 4.66534, 5.08478, 5.41796, 5.79657, 6.15326, 6.48955, 6.84061, 7.16273, 7.49114, 7.8098, 8.13737, 8.43302, 8.76101, 9.06745, 9.37131, 9.6765, 9.96827, 10.2814, 10.5267, 10.7815, 11.0355, 11.2876, 11.5383, 11.7873, 12.0349, 12.2809, 12.5253, 12.768, 13.009, 13.2482, 13.4857, 13.7213, 13.9551, 14.187, 14.417, 14.645, 14.8709, 15.0949, 15.3167, 15.5366, 15.7542, 15.9694, 16.1826, 16.3936, 16.6023, 16.8087, 17.0127, 17.2144, 17.4137, 17.6105, 17.805, 17.9969, 18.1864, 18.3733, 18.5577, 18.7395, 18.9188, 19.0954, 19.2694, 19.4407, 19.6094, 19.7754, 19.9387, 20.0992, 20.257, 20.4121, 20.5648, 20.7142, 20.861, 21.0049, 21.146, 21.2843, 21.4197, 21.5523, 21.6817, 21.8088, 21.9326, 22.0538, 22.171, 22.2872, 22.3989, 22.5091, 22.6152, 22.7195, 22.8199, 22.9184, 23.0129, 23.1058, 23.15
0.0434483, -0.37646, 0.318756, -0.281461, 0.258679, 1.41416, 2.10703, 2.62771, 3.10583, 3.50819, 3.91697, 4.26161, 4.6444, 4.94886, 5.2944, 5.61989, 5.92671, 6.24775, 6.54138, 6.84154, 7.13195, 7.43085, 7.70104, 7.99943, 8.27966, 8.55764, 8.83544, 9.10476, 9.38377, 9.63326, 9.86718, 10.0983, 10.3291, 10.5584, 10.7867, 11.0133, 11.2385, 11.4621, 11.6843, 11.9049, 12.1239, 12.3412, 12.5569, 12.7709, 12.9832, 13.1937, 13.4024, 13.6092, 13.8142, 14.0174, 14.2182, 14.4174, 14.6146, 14.8098, 15.003, 15.194, 15.383, 15.5698, 15.7545, 15.9369, 16.1172, 16.2952, 16.471, 16.6445, 16.8157, 16.9845, 17.1511, 17.3152, 17.477, 17.6363, 17.7933, 17.9477, 18.0998, 18.2493, 18.3964, 18.541, 18.6831, 18.8216, 18.9591, 19.0932, 19.2252, 19.3544, 19.4809, 19.6051, 19.7265, 19.8459, 19.9618, 20.0757, 20.1865, 20.297, 20.4011, 20.5057, 20.6048, 20.7039, 20.7979, 20.8915, 20.9803, 21.0688, 21.1521, 21.1939
0.0399204, -0.345893, 0.292874, -0.258608, 0.237677, 1.29471, 1.93051, 2.40592, 2.84419, 3.21268, 3.58664, 3.90235, 4.25229, 4.53129, 4.84731, 5.14531, 5.42594, 5.71954, 5.98884, 6.26326, 6.52905, 6.8018, 7.04927, 7.32232, 7.57823, 7.83391, 8.08544, 8.33778, 8.58041, 8.84049, 9.04926, 9.26438, 9.47606, 9.68672, 9.89535, 10.1033, 10.3099, 10.5151, 10.719, 10.9214, 11.1223, 11.3218, 11.5197, 11.7161, 11.9109, 12.104, 12.2956, 12.4854, 12.6735, 12.8598, 13.0452, 13.2279, 13.4089, 13.588, 13.7653, 13.9407, 14.1141, 14.2856, 14.4551, 14.6226, 14.7881, 14.9515, 15.1129, 15.2722, 15.4294, 15.5844, 15.7373, 15.888, 16.0366, 16.1829, 16.327, 16.4689, 16.6085, 16.7459, 16.881, 17.0138, 17.1443, 17.2725, 17.3983, 17.5218, 17.6429, 17.7617, 17.8788, 17.9924, 18.1043, 18.2134, 18.3204, 18.4248, 18.527, 18.6265, 18.7238, 18.8186, 18.9111, 19.001, 19.0886, 19.174, 19.2565, 19.337, 19.4144, 19.4525
0.0365413, -0.316614, 0.268083, -0.236717, 0.217557, 1.18926, 1.77146, 2.20902, 2.61047, 2.94848, 3.29159, 3.58109, 3.90222, 4.1578, 4.44821, 4.72082, 4.9783, 5.24801, 5.49434, 5.74677, 5.9898, 6.24138, 6.46723, 6.71723, 6.95224, 7.18607, 7.41821, 7.64687, 7.87597, 8.09894, 8.32764, 8.51752, 8.71223, 8.90587, 9.09833, 9.28954, 9.47953, 9.66827, 9.85574, 10.0419, 10.2267, 10.4101, 10.5922, 10.7728, 10.9519, 11.1296, 11.3057, 11.4803, 11.6533, 11.8248, 11.9946, 12.1627, 12.3292, 12.494, 12.6571, 12.8184, 12.9779, 13.1357, 13.2917, 13.4458, 13.598, 13.7484, 13.8968, 14.0434, 14.188, 14.3307, 14.4713, 14.61, 14.7467, 14.8814, 15.014, 15.1446, 15.2731, 15.3995, 15.5239, 15.6461, 15.7662, 15.8842, 16.0001, 16.1138, 16.2253, 16.3347, 16.4405, 16.5464, 16.6487, 16.7497, 16.8479, 16.9443, 17.0382, 17.1301, 17.2196, 17.307, 17.3921, 17.4751, 17.5557, 17.6343, 17.7105, 17.7846, 17.8567, 17.8913
0.0336814, -0.291834, 0.247101, -0.218191, 0.200531, 1.09369, 1.62979, 2.03144, 2.40063, 2.71184, 3.02679, 3.29324, 3.58816, 3.82311, 4.08995, 4.34073, 4.57743, 4.82437, 5.05225, 5.2829, 5.50808, 5.73528, 5.94521, 6.1751, 6.39077, 6.60582, 6.81878, 7.02918, 7.24006, 7.44454, 7.65643, 7.84459, 8.0243, 8.20242, 8.37957, 8.55572, 8.73074, 8.9046, 9.07728, 9.24876, 9.419, 9.58799, 9.75568, 9.92205, 10.0871, 10.2508, 10.413, 10.5739, 10.7333, 10.8913, 11.0477, 11.2027, 11.3561, 11.5079, 11.6581, 11.8068, 11.9538, 12.0991, 12.2428, 12.3848, 12.5251, 12.6636, 12.8005, 12.9355, 13.0688, 13.2003, 13.3299, 13.4578, 13.5838, 13.7079, 13.8302, 13.9505, 14.069, 14.1855, 14.3002, 14.4128, 14.5236, 14.6324, 14.7392, 14.844, 14.9469, 15.0478, 15.1467, 15.2435, 15.3384, 15.4312, 15.522, 15.6108, 15.6975, 15.7822, 15.8649, 15.9455, 16.0241, 16.1007, 16.1752, 16.2476, 16.318, 16.3864, 16.4527, 16.4848
0.0310093, -0.268682, 0.227498, -0.20088, 0.184621, 1.00823, 1.50174, 1.87223, 2.21214, 2.4986, 2.78867, 3.03415, 3.30577, 3.52189, 3.76784, 3.99864, 4.21635, 4.44428, 4.65296, 4.86647, 5.07302, 5.28427, 5.47635, 5.68709, 5.88577, 6.08405, 6.27937, 6.47409, 6.66682, 6.85879, 7.04489, 7.24143, 7.40309, 7.56831, 7.73206, 7.89459, 8.05611, 8.21657, 8.37594, 8.53419, 8.69131, 8.84727, 9.00204, 9.1556, 9.30792, 9.45897, 9.60878, 9.7571, 9.90426, 10.05, 10.1944, 10.3375, 10.479, 10.6192, 10.7579, 10.8951, 11.0308, 11.1651, 11.2977, 11.4288, 11.5584, 11.6863, 11.8126, 11.9373, 12.0603, 12.1817, 12.3015, 12.4194, 12.5357, 12.6503, 12.7632, 12.8744, 12.9838, 13.0914, 13.1973, 13.3014, 13.4037, 13.5042, 13.6028, 13.6997, 13.7947, 13.8879, 13.9792, 14.0687, 14.1563, 14.2421, 14.326, 14.4081, 14.4883, 14.5666, 14.643, 14.7175, 14.7902, 14.8609, 14.9298, 14.9968, 15.0619, 15.1252, 15.1865, 15.2162
0.0285863, -0.247688, 0.209722, -0.185184, 0.170195, 0.931171, 1.38609, 1.72861, 2.04176, 2.30645, 2.57402, 2.80005, 3.05083, 3.25022, 3.47696, 3.6898, 3.89066, 4.10074, 4.29368, 4.49058, 4.68002, 4.87606, 5.05224, 5.24786, 5.43046, 5.61266, 5.79417, 5.97258, 6.15111, 6.32665, 6.50239, 6.67347, 6.84761, 6.99736, 7.14822, 7.29859, 7.44795, 7.59632, 7.74369, 7.89003, 8.03533, 8.17954, 8.32266, 8.46467, 8.60552, 8.74523, 8.88367, 9.02133, 9.15736, 9.2922, 9.42576, 9.55803, 9.68899, 9.81862, 9.9469, 10.0738, 10.1994, 10.3231, 10.4459, 10.5671, 10.687, 10.8053, 10.9221, 11.0375, 11.1513, 11.2637, 11.3744, 11.4839, 11.5915, 11.6976, 11.802, 11.9049, 12.0061, 12.1058, 12.2037, 12.3001, 12.3947, 12.4877, 12.5791, 12.6687, 12.7567, 12.843, 12.9276, 13.0104, 13.0916, 13.171, 13.2487, 13.3247, 13.399, 13.4715, 13.5423, 13.6114, 13.6787, 13.7443, 13.8081, 13.8702, 13.9306, 13.9892, 14.0461, 14.0737
0.0265834, -0.230333, 0.195027, -0.172209, 0.158272, 0.860304, 1.28253, 1.59743, 1.88823, 2.13176, 2.37981, 2.58815, 2.82011, 3.00443, 3.2137, 3.41085, 3.59615, 3.79019, 3.96803, 4.14994, 4.32617, 4.50615, 4.66948, 4.84919, 5.01817, 5.18705, 5.35334, 5.51915, 5.68391, 5.84618, 6.00862, 6.16629, 6.32934, 6.47137, 6.6127, 6.7516, 6.88976, 7.02702, 7.16336, 7.29874, 7.43316, 7.56658, 7.69899, 7.83036, 7.96069, 8.08989, 8.21822, 8.34432, 8.47034, 8.59505, 8.7186, 8.84096, 8.96211, 9.08203, 9.2007, 9.31813, 9.43412, 9.55006, 9.66333, 9.77559, 9.88643, 9.99593, 10.1041, 10.2108, 10.3161, 10.4201, 10.5226, 10.6228, 10.7227, 10.8207, 10.9174, 11.0126, 11.1063, 11.1984, 11.2891, 11.3782, 11.4658, 11.5519, 11.6364, 11.7194, 11.8008, 11.8807, 11.9589, 12.0356, 12.1107, 12.1842, 12.2562, 12.3265, 12.3952, 12.4624, 12.5279, 12.5918, 12.6542, 12.7149, 12.774, 12.8315, 12.8874, 12.9416, 12.9943, 13.0198
0.024487, -0.212169, 0.179647, -0.158628, 0.145788, 0.797578, 1.18691, 1.48008, 1.74786, 1.97439, 2.20297, 2.39661, 2.61077, 2.78133, 2.97493, 3.15711, 3.32876, 3.5082, 3.67303, 3.84128, 4.00353, 4.17099, 4.32162, 4.48856, 4.64454, 4.80011, 4.95506, 5.10768, 5.26018, 5.41053, 5.56045, 5.70871, 5.85165, 6.00524, 6.1293, 6.25883, 6.38697, 6.51425, 6.64065, 6.76618, 6.89081, 7.01452, 7.13729, 7.2591, 7.37991, 7.49986, 7.61817, 7.7385, 7.85488, 7.97064, 8.08524, 8.19875, 8.31113, 8.42238, 8.53248, 8.64135, 8.74947, 8.85301, 8.959, 9.0629, 9.16576, 9.2673, 9.36759, 9.46658, 9.56428, 9.66069, 9.75558, 9.85177, 9.94333, 10.0347, 10.1243, 10.2127, 10.2996, 10.3851, 10.4693, 10.552, 10.6333, 10.7132, 10.7917, 10.8687, 10.9444, 11.0184, 11.0911, 11.1623, 11.2321, 11.3003, 11.3671, 11.4325, 11.4963, 11.5587, 11.6195, 11.6789, 11.7368, 11.7932, 11.8482, 11.9016, 11.9535, 12.004, 12.0529, 12.0767
0.0228103, -0.197641, 0.167346, -0.147767, 0.135807, 0.739168, 1.10124, 1.37189, 1.62107, 1.83014, 2.04277, 2.22147, 2.42035, 2.5783, 2.75781, 2.92649, 3.08565, 3.25187, 3.40434, 3.56031, 3.71097, 3.86586, 4.00584, 4.15973, 4.30438, 4.44895, 4.59171, 4.73355, 4.87459, 5.01423, 5.15159, 5.28977, 5.42479, 5.55988, 5.69079, 5.80922, 5.92804, 6.04617, 6.16352, 6.28004, 6.39573, 6.51058, 6.62455, 6.73761, 6.84985, 6.9608, 7.07255, 7.17471, 7.28409, 7.39121, 7.49752, 7.60278, 7.707, 7.81017, 7.91225, 8.0134, 8.11224, 8.21952, 8.31528, 8.41234, 8.50769, 8.60202, 8.69512, 8.78709, 8.87781, 8.96732, 9.05562, 9.14249, 9.22836, 9.31288, 9.39617, 9.47817, 9.5589, 9.63833, 9.71645, 9.79328, 9.86878, 9.94297, 10.0158, 10.0874, 10.1573, 10.2263, 10.2937, 10.3599, 10.4246, 10.488, 10.5501, 10.6108, 10.6701, 10.728, 10.7845, 10.8397, 10.8935, 10.9459, 10.997, 11.0466, 11.0949, 11.1418, 11.1873, 11.2094
0.0212015, -0.183702, 0.155543, -0.137345, 0.126229, 0.686337, 1.02265, 1.2737, 1.50504, 1.69906, 1.89629, 2.06224, 2.24658, 2.39335, 2.55964, 2.7164, 2.8639, 3.0182, 3.15937, 3.30426, 3.44392, 3.58768, 3.71771, 3.8602, 3.99441, 4.12858, 4.26079, 4.39239, 4.52335, 4.65264, 4.78149, 4.90838, 5.03408, 5.15798, 5.28573, 5.39714, 5.50825, 5.61806, 5.72711, 5.8354, 5.94292, 6.04961, 6.15553, 6.26062, 6.36486, 6.46827, 6.57068, 6.67284, 6.77348, 6.8733, 6.97217, 7.07009, 7.16704, 7.26301, 7.35799, 7.45195, 7.54499, 7.63627, 7.72727, 7.8172, 7.9059, 7.99356, 8.08013, 8.16546, 8.24983, 8.33303, 8.4151, 8.49603, 8.5758, 8.6544, 8.73182, 8.80807, 8.88312, 8.95697, 9.02966, 9.10107, 9.1713, 9.24028, 9.30803, 9.37454, 9.43983, 9.50384, 9.56662, 9.62812, 9.68838, 9.74736, 9.80507, 9.86151, 9.91668, 9.97058, 10.0232, 10.0745, 10.1246, 10.1734, 10.2208, 10.2671, 10.312, 10.3556, 10.398, 10.4185
0.019635, -0.170129, 0.144051, -0.127197, 0.116902, 0.638587, 0.950248, 1.18451, 1.39869, 1.57957, 1.76236, 1.91673, 2.08784, 2.22416, 2.37869, 2.52411, 2.66132, 2.80425, 2.93618, 3.06968, 3.20043, 3.33338, 3.45388, 3.58702, 3.71137, 3.83538, 3.95897, 4.08059, 4.20248, 4.32207, 4.44209, 4.5595, 4.67681, 4.79292, 4.90706, 5.02342, 5.12332, 5.2255, 5.32694, 5.42768, 5.52767, 5.62704, 5.72555, 5.82331, 5.92029, 6.01647, 6.11184, 6.20634, 6.30004, 6.39288, 6.48485, 6.57594, 6.66613, 6.75541, 6.84377, 6.93119, 7.01766, 7.10321, 7.1878, 7.27085, 7.35353, 7.43505, 7.51556, 7.59542, 7.67378, 7.75123, 7.82759, 7.90288, 7.9771, 8.05024, 8.12229, 8.19323, 8.26307, 8.3318, 8.39925, 8.4658, 8.5311, 8.59532, 8.65836, 8.72027, 8.78101, 8.8406, 8.89902, 8.95627, 9.01235, 9.06726, 9.12098, 9.17352, 9.22488, 9.27505, 9.32404, 9.37183, 9.41843, 9.46385, 9.50807, 9.5511, 9.59294, 9.63358, 9.67304, 9.69217
0.0183176, -0.158714, 0.134386, -0.118663, 0.109059, 0.594158, 0.884601, 1.10209, 1.3018, 1.46953, 1.63983, 1.78331, 1.94243, 2.06927, 2.21289, 2.34824, 2.47565, 2.60888, 2.73084, 2.85591, 2.97643, 3.10069, 3.21282, 3.33611, 3.45194, 3.56757, 3.6817, 3.79534, 3.90825, 4.01981, 4.13117, 4.24109, 4.34884, 4.45748, 4.56409, 4.67028, 4.77123, 4.86656, 4.96104, 5.05485, 5.14808, 5.24027, 5.33207, 5.42312, 5.51345, 5.60303, 5.69186, 5.77992, 5.8672, 5.95367, 6.03934, 6.12419, 6.2082, 6.29136, 6.37367, 6.4551, 6.53565, 6.6153, 6.69404, 6.77192, 6.84882, 6.92479, 6.99982, 7.07386, 7.14697, 7.2191, 7.29024, 7.3604, 7.42955, 7.49769, 7.56482, 7.63093, 7.696, 7.76002, 7.8235, 7.88523, 7.94623, 8.00601, 8.0648, 8.12248, 8.17911, 8.23464, 8.2891, 8.34247, 8.39474, 8.44592, 8.49601, 8.545, 8.59288, 8.63966, 8.68533, 8.7299, 8.77336, 8.81571, 8.85696, 8.89709, 8.93612, 8.97403, 9.01084, 9.02869
0.0170212, -0.147481, 0.124875, -0.110265, 0.10134, 0.553868, 0.823839, 1.02696, 1.2123, 1.36916, 1.52715, 1.66112, 1.80909, 1.92698, 2.0609, 2.1864, 2.30541, 2.42905, 2.54336, 2.65854, 2.7723, 2.88621, 2.99131, 3.10647, 3.21408, 3.32141, 3.42811, 3.53342, 3.63874, 3.74235, 3.8458, 3.94791, 4.04887, 4.14944, 4.24999, 4.3455, 4.4476, 4.53295, 4.62127, 4.70866, 4.79544, 4.8816, 4.96709, 5.05192, 5.13604, 5.2195, 5.30225, 5.38428, 5.46558, 5.54614, 5.62595, 5.70499, 5.78326, 5.86073, 5.9374, 6.01327, 6.08831, 6.16251, 6.23591, 6.30841, 6.38007, 6.45084, 6.52074, 6.58975, 6.65785, 6.72505, 6.79133, 6.85669, 6.92112, 6.9846, 7.04714, 7.10873, 7.16936, 7.22902, 7.28767, 7.3454, 7.40212, 7.45787, 7.51261, 7.56636, 7.61911, 7.67086, 7.72159, 7.77131, 7.82002, 7.8677, 7.91437, 7.96001, 8.00462, 8.04821, 8.09076, 8.13229, 8.17278, 8.21225, 8.25068, 8.28807, 8.32444, 8.35977, 8.39407, 8.4107
0.0159248, -0.137981, 0.116831, -0.103162, 0.0948125, 0.516256, 0.768507, 0.957292, 1.13063, 1.27614, 1.4239, 1.54832, 1.68636, 1.79633, 1.92091, 2.03826, 2.14871, 2.26416, 2.37025, 2.4782, 2.58305, 2.68994, 2.78778, 2.89506, 2.99535, 3.09531, 3.1947, 3.29279, 3.39073, 3.48754, 3.58383, 3.67921, 3.77261, 3.86675, 3.95977, 4.0507, 4.14185, 4.2314, 4.31294, 4.39456, 4.47557, 4.55597, 4.63578, 4.71494, 4.79358, 4.87147, 4.94872, 5.0253, 5.1012, 5.1764, 5.25091, 5.3247, 5.39776, 5.4701, 5.54168, 5.61251, 5.68257, 5.75187, 5.82024, 5.88797, 5.95486, 6.02095, 6.08621, 6.15064, 6.21423, 6.27698, 6.33887, 6.3999, 6.46006, 6.51935, 6.57775, 6.63527, 6.69189, 6.74761, 6.80243, 6.85633, 6.90934, 6.96139, 7.01254, 7.06274, 7.11202, 7.16036, 7.20776, 7.25421, 7.29972, 7.34427, 7.38787, 7.43052, 7.47221, 7.51294, 7.55272, 7.59153, 7.62938, 7.66627, 7.70219, 7.73716, 7.77116, 7.80419, 7.83627, 7.85183
0.0148243, -0.128446, 0.108758, -0.0960332, 0.0882601, 0.482113, 0.717005, 0.893638, 1.05479, 1.19111, 1.32845, 1.44485, 1.57341, 1.67585, 1.79216, 1.90127, 2.00447, 2.11209, 2.21111, 2.31163, 2.40951, 2.50909, 2.60032, 2.70037, 2.79391, 2.88708, 2.97975, 3.0711, 3.16258, 3.25237, 3.34263, 3.43086, 3.51914, 3.60624, 3.69312, 3.77767, 3.86157, 3.95005, 4.02569, 4.10206, 4.17767, 4.25273, 4.32723, 4.40115, 4.47446, 4.54719, 4.6193, 4.69078, 4.76163, 4.83184, 4.90139, 4.97028, 5.03849, 5.10597, 5.1728, 5.23892, 5.30432, 5.369, 5.43296, 5.49616, 5.55861, 5.62031, 5.68124, 5.74139, 5.80076, 5.85934, 5.91712, 5.9741, 6.03027, 6.08563, 6.14015, 6.19386, 6.24672, 6.29875, 6.34993, 6.40026, 6.44973, 6.49835, 6.5461, 6.59298, 6.639, 6.68413, 6.72839, 6.77177, 6.81426, 6.85587, 6.89659, 6.93642, 6.97536, 7.0134, 7.05054, 7.08679, 7.12214, 7.1566, 7.19016, 7.22281, 7.25457, 7.28543, 7.3154, 7.32993
0.0138908, -0.120357, 0.101909, -0.0899854, 0.0827026, 0.450124, 0.669946, 0.834393, 0.985359, 1.11203, 1.2407, 1.34894, 1.46913, 1.56477, 1.67324, 1.77526, 1.87144, 1.97185, 2.06416, 2.15817, 2.24933, 2.34225, 2.42738, 2.52074, 2.60806, 2.69501, 2.78144, 2.86671, 2.9519, 3.036, 3.11986, 3.20253, 3.28458, 3.36575, 3.44684, 3.52614, 3.60497, 3.68498, 3.7621, 3.83236, 3.9031, 3.97322, 4.04283, 4.11189, 4.18041, 4.24836, 4.31573, 4.38253, 4.44873, 4.51433, 4.57932, 4.64369, 4.70742, 4.77052, 4.83296, 4.89474, 4.95586, 5.01629, 5.07605, 5.13511, 5.19347, 5.25112, 5.30806, 5.36427, 5.41975, 5.47449, 5.52849, 5.58174, 5.63424, 5.68596, 5.73693, 5.78711, 5.83652, 5.88514, 5.93298, 5.98002, 6.02626, 6.0717, 6.11633, 6.16015, 6.20316, 6.24535, 6.28672, 6.32727, 6.36699, 6.40589, 6.44395, 6.48119, 6.51759, 6.55315, 6.58788, 6.62177, 6.65483, 6.68704, 6.71842, 6.74896, 6.77865, 6.80751, 6.83554, 6.84913
0.0129549, -0.112249, 0.0950431, -0.0839231, 0.0771304, 0.420964, 0.626023, 0.780065, 0.92069, 1.03948, 1.15928, 1.26069, 1.37276, 1.46209, 1.56337, 1.65864, 1.74846, 1.8422, 1.92845, 2.01619, 2.10137, 2.18809, 2.26759, 2.35476, 2.43632, 2.51753, 2.59822, 2.67782, 2.75736, 2.83582, 2.91416, 2.99131, 3.06791, 3.1437, 3.21953, 3.29342, 3.36732, 3.44133, 3.51616, 3.58346, 3.64954, 3.71514, 3.78023, 3.84481, 3.90888, 3.97243, 4.03544, 4.0979, 4.15981, 4.22116, 4.28193, 4.34213, 4.40173, 4.46074, 4.51913, 4.57691, 4.63407, 4.69059, 4.74648, 4.80171, 4.8563, 4.91022, 4.96347, 5.01604, 5.06793, 5.11913, 5.16964, 5.21945, 5.26854, 5.31693, 5.3646, 5.41154, 5.45776, 5.50324, 5.54799, 5.59199, 5.63525, 5.67775, 5.71951, 5.7605, 5.80074, 5.84021, 5.87892, 5.91686, 5.95402, 5.99041, 6.02603, 6.06087, 6.09493, 6.12821, 6.16071, 6.19243, 6.22336, 6.25351, 6.28288, 6.31146, 6.33926, 6.36628, 6.39251, 6.40523
0.0121241, -0.10505, 0.0889473, -0.0785405, 0.0721836, 0.393755, 0.585558, 0.729548, 0.861053, 0.972051, 1.08405, 1.17881, 1.28356, 1.36705, 1.46169, 1.55072, 1.63464, 1.72225, 1.80277, 1.88492, 1.96429, 2.04542, 2.1197, 2.20115, 2.27737, 2.35328, 2.42867, 2.50304, 2.5773, 2.65067, 2.72375, 2.79597, 2.8673, 2.93852, 3.00904, 3.07829, 3.14718, 3.21676, 3.28509, 3.35242, 3.41339, 3.47479, 3.53567, 3.59608, 3.65601, 3.71544, 3.77438, 3.83281, 3.89072, 3.9481, 4.00495, 4.06125, 4.117, 4.17219, 4.22681, 4.28086, 4.33432, 4.3872, 4.43947, 4.49114, 4.54219, 4.59263, 4.64244, 4.69162, 4.74016, 4.78806, 4.8353, 4.88189, 4.92782, 4.97308, 5.01767, 5.06159, 5.10482, 5.14737, 5.18923, 5.23039, 5.27086, 5.31062, 5.34969, 5.38804, 5.42568, 5.46261, 5.49882, 5.53431, 5.56908, 5.60313, 5.63646, 5.66905, 5.70092, 5.73206, 5.76247, 5.79214, 5.82109, 5.8493, 5.87678, 5.90353, 5.92954, 5.95482, 5.97937, 5.99128
0.0113457, -0.0983051, 0.0832367, -0.073498, 0.0675492, 0.368566, 0.547991, 0.682754, 0.805712, 0.909591, 1.01427, 1.10296, 1.20082, 1.27899, 1.36737, 1.45068, 1.52918, 1.6109, 1.68658, 1.76276, 1.83784, 1.91319, 1.98264, 2.05878, 2.13006, 2.20104, 2.27155, 2.34101, 2.41057, 2.47884, 2.54744, 2.61466, 2.68157, 2.74808, 2.81428, 2.87851, 2.94298, 3.00844, 3.072, 3.13642, 3.19501, 3.25254, 3.30953, 3.36608, 3.42218, 3.47782, 3.53299, 3.58769, 3.6419, 3.69562, 3.74883, 3.80154, 3.85373, 3.9054, 3.95654, 4.00713, 4.05718, 4.10668, 4.15562, 4.20399, 4.25179, 4.29901, 4.34564, 4.39168, 4.43713, 4.48197, 4.5262, 4.56982, 4.61282, 4.6552, 4.69695, 4.73807, 4.77855, 4.81839, 4.85758, 4.89612, 4.93401, 4.97125, 5.00782, 5.04374, 5.07899, 5.11357, 5.14748, 5.18071, 5.21328, 5.24516, 5.27637, 5.3069, 5.33674, 5.36591, 5.39439, 5.42218, 5.44929, 5.47572, 5.50146, 5.52651, 5.55088, 5.57456, 5.59756, 5.60872
0.0106291, -0.0920968, 0.07798, -0.0688563, 0.0632833, 0.345135, 0.513145, 0.63926, 0.754375, 0.851544, 0.949546, 1.03247, 1.12411, 1.19713, 1.27998, 1.35773, 1.43123, 1.50784, 1.57824, 1.64997, 1.71975, 1.79048, 1.85542, 1.92668, 1.99326, 2.05987, 2.12546, 2.19077, 2.25554, 2.31979, 2.38366, 2.44677, 2.50922, 2.57121, 2.63311, 2.69371, 2.75399, 2.81478, 2.8748, 2.93307, 2.99279, 3.04516, 3.09868, 3.15161, 3.20414, 3.25624, 3.3079, 3.35911, 3.40987, 3.46017, 3.51, 3.55935, 3.60822, 3.6566, 3.70448, 3.75185, 3.79872, 3.84507, 3.89089, 3.93618, 3.98094, 4.02515, 4.06882, 4.11193, 4.15448, 4.19647, 4.23789, 4.27874, 4.319, 4.35868, 4.39778, 4.43628, 4.47418, 4.51149, 4.54819, 4.58428, 4.61977, 4.65463, 4.68889, 4.72252, 4.75552, 4.78791, 4.81966, 4.85079, 4.88128, 4.91114, 4.94037, 4.96896, 4.99691, 5.02422, 5.0509, 5.07693, 5.10232, 5.12707, 5.15118, 5.17465, 5.19747, 5.21965, 5.24119, 5.25164
0.00995643, -0.0862681, 0.0730447, -0.0644985, 0.0592781, 0.323381, 0.480706, 0.598861, 0.706603, 0.797632, 0.889317, 0.967023, 1.0527, 1.12117, 1.19857, 1.27153, 1.34018, 1.41188, 1.47784, 1.54503, 1.61012, 1.67643, 1.73722, 1.80387, 1.86622, 1.9285, 1.99001, 2.051, 2.11184, 2.17162, 2.2316, 2.29046, 2.34897, 2.40719, 2.46516, 2.52139, 2.57793, 2.63514, 2.69109, 2.74639, 2.8011, 2.85491, 2.90459, 2.95428, 3.00352, 3.05237, 3.1008, 3.14881, 3.1964, 3.24356, 3.29028, 3.33655, 3.38237, 3.42773, 3.47262, 3.51704, 3.56098, 3.60444, 3.64741, 3.68987, 3.73184, 3.7733, 3.81425, 3.85467, 3.89458, 3.93395, 3.97279, 4.0111, 4.04886, 4.08607, 4.12273, 4.15884, 4.19439, 4.22938, 4.2638, 4.29766, 4.33094, 4.36364, 4.39577, 4.42732, 4.45828, 4.48866, 4.51845, 4.54765, 4.57626, 4.60428, 4.6317, 4.65852, 4.68475, 4.71038, 4.73541, 4.75984, 4.78367, 4.8069, 4.82953, 4.85155, 4.87298, 4.8938, 4.91403, 4.92384
0.00933415, -0.0808762, 0.0684793, -0.0604673, 0.0555732, 0.303101, 0.45053, 0.561226, 0.662158, 0.74742, 0.833293, 0.906062, 0.986295, 1.05042, 1.12289, 1.1912, 1.25549, 1.32263, 1.38435, 1.44729, 1.5082, 1.57033, 1.62719, 1.68965, 1.74799, 1.8063, 1.8639, 1.92102, 1.97796, 2.03392, 2.09007, 2.14517, 2.19992, 2.25448, 2.30864, 2.36153, 2.4145, 2.4676, 2.52021, 2.57211, 2.62315, 2.67458, 2.72079, 2.76736, 2.81349, 2.85924, 2.90461, 2.94958, 2.99416, 3.03833, 3.08209, 3.12543, 3.16835, 3.21084, 3.25289, 3.2945, 3.33566, 3.37636, 3.41661, 3.45638, 3.49569, 3.53453, 3.57288, 3.61075, 3.64812, 3.685, 3.72138, 3.75726, 3.79263, 3.82748, 3.86182, 3.89565, 3.92894, 3.96171, 3.99395, 4.02566, 4.05683, 4.08746, 4.11755, 4.1471, 4.1761, 4.20455, 4.23245, 4.2598, 4.28659, 4.31283, 4.33852, 4.36364, 4.3882, 4.4122, 4.43564, 4.45853, 4.48084, 4.5026, 4.52379, 4.54441, 4.56449, 4.58398, 4.60293, 4.61211
0.0087562, -0.0758686, 0.0642393, -0.0567233, 0.0521323, 0.284181, 0.422413, 0.526131, 0.620752, 0.700604, 0.781106, 0.849222, 0.924454, 0.984429, 1.05244, 1.11624, 1.1766, 1.2394, 1.29735, 1.35607, 1.41352, 1.47136, 1.52491, 1.58301, 1.63784, 1.69248, 1.74641, 1.79996, 1.85319, 1.90581, 1.95818, 2.00995, 2.06115, 2.11201, 2.16282, 2.2125, 2.26205, 2.3118, 2.3612, 2.40926, 2.45749, 2.50615, 2.55049, 2.59409, 2.63734, 2.68023, 2.72276, 2.76492, 2.80671, 2.84812, 2.88914, 2.92977, 2.97, 3.00983, 3.04925, 3.08826, 3.12684, 3.165, 3.20273, 3.24002, 3.27687, 3.31327, 3.34922, 3.38472, 3.41976, 3.45433, 3.48844, 3.52207, 3.55523, 3.58791, 3.6201, 3.6518, 3.68302, 3.71374, 3.74397, 3.77369, 3.80291, 3.83167, 3.85986, 3.88757, 3.91475, 3.94143, 3.96759, 3.99323, 4.01835, 4.04295, 4.06703, 4.09058, 4.11361, 4.13612, 4.15809, 4.17955, 4.20047, 4.22087, 4.24074, 4.26008, 4.27884, 4.29719, 4.31487, 4.32353
0.00821179, -0.0711515, 0.0602452, -0.0531966, 0.048891, 0.266551, 0.396145, 0.493407, 0.582082, 0.656953, 0.732372, 0.79624, 0.866696, 0.922952, 0.986601, 1.0465, 1.10299, 1.16187, 1.21603, 1.27126, 1.3247, 1.37925, 1.42914, 1.48393, 1.53511, 1.58628, 1.63684, 1.68698, 1.73695, 1.78601, 1.83528, 1.88358, 1.93164, 1.97946, 2.02709, 2.07324, 2.11977, 2.16655, 2.2127, 2.25831, 2.30296, 2.3478, 2.39285, 2.43295, 2.4736, 2.51382, 2.55371, 2.59327, 2.63243, 2.67128, 2.70975, 2.74787, 2.7856, 2.82296, 2.85994, 2.89653, 2.93272, 2.96851, 3.0039, 3.03888, 3.07344, 3.10759, 3.14132, 3.17462, 3.20748, 3.23992, 3.27191, 3.30346, 3.33456, 3.36522, 3.39542, 3.42516, 3.45444, 3.48326, 3.51162, 3.5395, 3.56693, 3.59367, 3.62024, 3.64617, 3.67171, 3.69672, 3.72127, 3.74532, 3.76889, 3.79197, 3.81456, 3.83666, 3.85827, 3.87938, 3.9, 3.92013, 3.93976, 3.9589, 3.97755, 3.9957, 4.01366, 4.03048, 4.04754, 4.05539
0.00770563, -0.0667659, 0.0565318, -0.0499176, 0.0458775, 0.25006, 0.371619, 0.462827, 0.545977, 0.616166, 0.686875, 0.746735, 0.812788, 0.865505, 0.925175, 0.981298, 1.03425, 1.08942, 1.1402, 1.19184, 1.24222, 1.29312, 1.33993, 1.39121, 1.4392, 1.48716, 1.53452, 1.58156, 1.6283, 1.67449, 1.72044, 1.76589, 1.81076, 1.85561, 1.90003, 1.9437, 1.98719, 2.03084, 2.07424, 2.1164, 2.15899, 2.20096, 2.24252, 2.28241, 2.32032, 2.35809, 2.39548, 2.43271, 2.46884, 2.50537, 2.54144, 2.57719, 2.61258, 2.64763, 2.68229, 2.71661, 2.75057, 2.78413, 2.81733, 2.85014, 2.88256, 2.91458, 2.94622, 2.97745, 3.00827, 3.03869, 3.0687, 3.09829, 3.12747, 3.15622, 3.18454, 3.21244, 3.23991, 3.26694, 3.29354, 3.31969, 3.34537, 3.37174, 3.39601, 3.4207, 3.44445, 3.46803, 3.491, 3.51361, 3.5357, 3.55737, 3.57856, 3.59931, 3.61958, 3.6394, 3.65875, 3.67764, 3.69606, 3.71403, 3.73153, 3.74856, 3.76337, 3.78142, 3.7948, 3.80375
0.00723167, -0.0626592, 0.0530547, -0.0468473, 0.0430557, 0.234638, 0.348677, 0.434224, 0.512211, 0.578023, 0.644331, 0.700445, 0.762384, 0.811783, 0.867754, 0.920264, 0.969956, 1.02167, 1.06933, 1.11771, 1.16476, 1.21264, 1.25651, 1.30457, 1.34954, 1.39449, 1.4389, 1.48296, 1.52686, 1.56997, 1.61317, 1.65572, 1.6978, 1.73979, 1.78161, 1.82218, 1.86303, 1.90412, 1.94467, 1.9847, 2.02393, 2.0636, 2.10213, 2.1412, 2.17632, 2.21179, 2.24689, 2.28166, 2.31627, 2.35043, 2.38429, 2.41782, 2.45103, 2.4839, 2.51651, 2.5487, 2.58047, 2.61199, 2.64313, 2.67391, 2.70433, 2.73438, 2.76405, 2.79336, 2.82228, 2.85082, 2.87897, 2.90674, 2.93411, 2.96109, 2.98767, 3.01384, 3.03961, 3.06498, 3.08993, 3.11447, 3.13861, 3.16212, 3.18551, 3.20832, 3.23092, 3.25286, 3.27451, 3.29565, 3.31642, 3.33672, 3.35661, 3.37606, 3.39509, 3.41367, 3.43183, 3.44954, 3.46683, 3.48368, 3.50009, 3.51607, 3.53194, 3.54669, 3.56178, 3.56865
0.00678626, -0.0587999, 0.0497869, -0.0439619, 0.0404038, 0.220207, 0.32719, 0.407457, 0.480593, 0.542335, 0.604497, 0.657141, 0.715189, 0.761544, 0.813973, 0.863323, 0.909815, 0.958355, 1.00289, 1.04841, 1.09244, 1.13733, 1.17847, 1.2235, 1.26566, 1.3078, 1.34942, 1.39076, 1.43185, 1.47242, 1.5128, 1.5527, 1.59211, 1.63148, 1.67066, 1.70873, 1.74702, 1.78551, 1.82355, 1.86098, 1.89789, 1.93503, 1.97122, 2.00762, 2.04188, 2.07502, 2.10796, 2.14061, 2.17294, 2.20501, 2.23677, 2.26824, 2.29939, 2.33023, 2.36074, 2.39095, 2.42084, 2.45038, 2.4796, 2.50848, 2.53701, 2.5652, 2.59305, 2.62054, 2.64767, 2.67445, 2.70086, 2.72691, 2.75259, 2.77789, 2.80283, 2.82738, 2.85156, 2.87535, 2.89876, 2.92179, 2.94442, 2.9667, 2.98854, 3.01001, 3.03104, 3.05172, 3.07197, 3.09184, 3.1113, 3.13036, 3.14902, 3.16727, 3.18511, 3.20255, 3.21959, 3.23621, 3.25243, 3.2682, 3.28363, 3.29859, 3.31315, 3.32735, 3.34108, 3.34779
0.00636927, -0.0551869, 0.0467277, -0.0412606, 0.0379211, 0.206677, 0.307056, 0.382378, 0.450971, 0.5089, 0.567182, 0.616576, 0.670983, 0.714488, 0.763605, 0.809883, 0.853507, 0.898921, 0.940895, 0.983278, 1.02486, 1.0668, 1.10538, 1.1476, 1.18712, 1.22662, 1.26564, 1.30439, 1.34293, 1.38097, 1.41881, 1.45624, 1.49316, 1.53009, 1.56674, 1.6026, 1.63837, 1.67445, 1.71008, 1.74524, 1.77983, 1.81463, 1.84868, 1.88232, 1.91654, 1.94714, 1.97812, 2.00875, 2.03912, 2.06921, 2.09902, 2.12855, 2.15778, 2.18673, 2.21538, 2.24372, 2.27176, 2.29949, 2.32691, 2.35401, 2.38079, 2.40725, 2.43338, 2.45918, 2.48464, 2.50977, 2.53456, 2.55901, 2.58311, 2.60686, 2.63026, 2.65335, 2.67602, 2.69836, 2.72033, 2.74194, 2.76319, 2.78406, 2.80457, 2.82471, 2.84448, 2.86387, 2.88289, 2.90154, 2.91981, 2.9377, 2.95521, 2.97234, 2.98909, 3.00546, 3.02145, 3.03705, 3.05228, 3.06734, 3.08158, 3.09587, 3.10935, 3.1229, 3.13555, 3.14199
0.00597974, -0.0518118, 0.04387, -0.0387372, 0.035602, 0.193975, 0.288181, 0.358836, 0.423202, 0.477522, 0.53221, 0.578506, 0.629564, 0.670309, 0.716446, 0.759732, 0.800696, 0.84329, 0.882615, 0.922395, 0.961349, 1.00067, 1.03686, 1.07643, 1.1135, 1.15052, 1.18709, 1.22342, 1.25961, 1.29515, 1.33078, 1.36572, 1.40043, 1.43501, 1.46944, 1.50288, 1.53655, 1.57037, 1.60381, 1.63673, 1.66914, 1.7018, 1.73371, 1.76536, 1.79701, 1.82734, 1.8562, 1.88498, 1.91347, 1.94171, 1.96968, 1.99739, 2.02483, 2.05199, 2.07887, 2.10547, 2.13178, 2.1578, 2.18353, 2.20897, 2.2341, 2.25893, 2.28345, 2.30766, 2.33156, 2.35514, 2.3784, 2.40134, 2.42396, 2.44625, 2.46822, 2.48957, 2.51098, 2.53188, 2.55252, 2.57279, 2.59273, 2.61232, 2.63157, 2.65047, 2.66902, 2.68722, 2.70507, 2.72256, 2.7397, 2.75649, 2.77293, 2.789, 2.80472, 2.82008, 2.83509, 2.84973, 2.86402, 2.87789, 2.89151, 2.90472, 2.91756, 2.93006, 2.94218, 2.94807
0.0056113, -0.0486195, 0.0411669, -0.0363504, 0.0334084, 0.182063, 0.270446, 0.336756, 0.39712, 0.448093, 0.499364, 0.54281, 0.590656, 0.62891, 0.672117, 0.712772, 0.7511, 0.791151, 0.827838, 0.865455, 0.901394, 0.938665, 0.972549, 1.00973, 1.04433, 1.07908, 1.11354, 1.14749, 1.18138, 1.21481, 1.24795, 1.28091, 1.31345, 1.34587, 1.37812, 1.40948, 1.44103, 1.47274, 1.50409, 1.53493, 1.56555, 1.59595, 1.62587, 1.65561, 1.68504, 1.7147, 1.74148, 1.76852, 1.79524, 1.82174, 1.84798, 1.87398, 1.89972, 1.92521, 1.95043, 1.97538, 2.00007, 2.02449, 2.04863, 2.07249, 2.09607, 2.11936, 2.14237, 2.16508, 2.1875, 2.20963, 2.23146, 2.25298, 2.2742, 2.29511, 2.31571, 2.33607, 2.35602, 2.3757, 2.39504, 2.41407, 2.43278, 2.45116, 2.46922, 2.48696, 2.50436, 2.52144, 2.53819, 2.55461, 2.5707, 2.58645, 2.60187, 2.61696, 2.63171, 2.64612, 2.6602, 2.67394, 2.68735, 2.70043, 2.71315, 2.7252, 2.73762, 2.74893, 2.76079, 2.76603
0.00526667, -0.0456334, 0.0386386, -0.0341179, 0.0313565, 0.170859, 0.253792, 0.316006, 0.372629, 0.420442, 0.468525, 0.509272, 0.554135, 0.590013, 0.630519, 0.668678, 0.704618, 0.74206, 0.776628, 0.811614, 0.845895, 0.880373, 0.91227, 0.946903, 0.979581, 1.01212, 1.04423, 1.0762, 1.10797, 1.13931, 1.17056, 1.20131, 1.23185, 1.26208, 1.29231, 1.32195, 1.35135, 1.38107, 1.41051, 1.43917, 1.468, 1.4966, 1.52471, 1.55253, 1.58014, 1.60789, 1.63407, 1.65931, 1.68441, 1.70926, 1.73389, 1.75828, 1.78243, 1.80635, 1.83001, 1.85343, 1.87659, 1.8995, 1.92215, 1.94454, 1.96666, 1.98852, 2.01011, 2.03142, 2.05246, 2.07322, 2.0937, 2.1139, 2.13381, 2.15343, 2.17276, 2.19179, 2.21054, 2.22899, 2.24715, 2.265, 2.28255, 2.2998, 2.31675, 2.33339, 2.34972, 2.36574, 2.38146, 2.39686, 2.41196, 2.42674, 2.44121, 2.45537, 2.46921, 2.48273, 2.49595, 2.50884, 2.52142, 2.53368, 2.54563, 2.55735, 2.56857, 2.57967, 2.59024, 2.59549
0.00494268, -0.0428261, 0.0362616, -0.032019, 0.0294275, 0.160322, 0.238132, 0.296483, 0.349603, 0.394433, 0.439536, 0.477728, 0.519814, 0.553423, 0.591442, 0.627115, 0.660891, 0.695972, 0.728401, 0.761162, 0.793257, 0.825647, 0.855517, 0.888044, 0.91862, 0.949127, 0.97925, 1.00919, 1.03897, 1.06836, 1.09764, 1.12646, 1.15513, 1.1835, 1.21193, 1.23916, 1.2678, 1.29492, 1.32252, 1.34965, 1.37652, 1.40323, 1.4296, 1.45563, 1.48168, 1.50735, 1.53301, 1.55636, 1.57995, 1.60326, 1.62636, 1.64924, 1.67189, 1.69432, 1.71652, 1.73848, 1.76021, 1.7817, 1.80294, 1.82394, 1.84469, 1.8652, 1.88544, 1.90544, 1.92517, 1.94464, 1.96385, 1.98279, 2.00147, 2.01988, 2.03801, 2.05587, 2.07346, 2.09076, 2.10779, 2.12454, 2.141, 2.15718, 2.17308, 2.18868, 2.204, 2.21909, 2.2338, 2.24827, 2.26241, 2.27629, 2.28985, 2.30314, 2.31612, 2.32881, 2.3412, 2.3533, 2.36509, 2.3766, 2.3878, 2.3987, 2.40933, 2.41962, 2.42967, 2.43452
0.00463672, -0.0401751, 0.0340169, -0.030037, 0.0276059, 0.150409, 0.22339, 0.278126, 0.327932, 0.369979, 0.412256, 0.448077, 0.487512, 0.519043, 0.554647, 0.588141, 0.619721, 0.652708, 0.682927, 0.713931, 0.743519, 0.774213, 0.802124, 0.832765, 0.861253, 0.889859, 0.918232, 0.946189, 0.974109, 1.00164, 1.02895, 1.05612, 1.08279, 1.10957, 1.1361, 1.162, 1.18774, 1.21403, 1.23982, 1.26526, 1.29024, 1.31552, 1.34008, 1.36482, 1.38887, 1.41321, 1.43653, 1.45994, 1.48184, 1.50374, 1.5254, 1.54686, 1.56811, 1.58914, 1.60996, 1.63057, 1.65094, 1.6711, 1.69103, 1.71072, 1.73019, 1.74942, 1.76841, 1.78716, 1.80567, 1.82393, 1.84195, 1.85972, 1.87724, 1.8945, 1.91151, 1.92826, 1.94475, 1.96099, 1.97696, 1.99267, 2.00811, 2.02329, 2.03819, 2.05283, 2.06721, 2.08129, 2.09513, 2.10868, 2.12196, 2.13496, 2.1477, 2.16015, 2.17233, 2.18423, 2.19585, 2.2072, 2.21827, 2.22906, 2.23957, 2.24981, 2.25976, 2.26944, 2.27884, 2.2834
0.00434864, -0.037679, 0.0319035, -0.0281708, 0.0258908, 0.141071, 0.209507, 0.260839, 0.307528, 0.346955, 0.386574, 0.420161, 0.457108, 0.486678, 0.520019, 0.551439, 0.581062, 0.61185, 0.64036, 0.669089, 0.697374, 0.725733, 0.751994, 0.780514, 0.807409, 0.834191, 0.860608, 0.88692, 0.913065, 0.938885, 0.964595, 0.989976, 1.01493, 1.04002, 1.0648, 1.08915, 1.1135, 1.13781, 1.16206, 1.18563, 1.20943, 1.2329, 1.25608, 1.27891, 1.30172, 1.32447, 1.34637, 1.36866, 1.38914, 1.40967, 1.42998, 1.45009, 1.47001, 1.48973, 1.50925, 1.52856, 1.54767, 1.56656, 1.58524, 1.6037, 1.62195, 1.63997, 1.65778, 1.67535, 1.69271, 1.70983, 1.72672, 1.74337, 1.75979, 1.77597, 1.79192, 1.80762, 1.82308, 1.8383, 1.85327, 1.86799, 1.88246, 1.89669, 1.91067, 1.92439, 1.93786, 1.95108, 1.96404, 1.97674, 1.98919, 2.00138, 2.01331, 2.02499, 2.0364, 2.04756, 2.05845, 2.06908, 2.07946, 2.08957, 2.09942, 2.10902, 2.11835, 2.12742, 2.13623, 2.1405
0.00407823, -0.0353361, 0.0299197, -0.0264191, 0.0242809, 0.132264, 0.196431, 0.244537, 0.288312, 0.325246, 0.362392, 0.393841, 0.428489, 0.456152, 0.487448, 0.516799, 0.544582, 0.57347, 0.600092, 0.627152, 0.653394, 0.680146, 0.70467, 0.731525, 0.756612, 0.781695, 0.806476, 0.831094, 0.855591, 0.87976, 0.903854, 0.927562, 0.951165, 0.974466, 0.997789, 1.02043, 1.04315, 1.06613, 1.08877, 1.1111, 1.13315, 1.15517, 1.17679, 1.19831, 1.21965, 1.24097, 1.26125, 1.28317, 1.30218, 1.32146, 1.34049, 1.35935, 1.37803, 1.39651, 1.41481, 1.43291, 1.45082, 1.46853, 1.48604, 1.50335, 1.52046, 1.53736, 1.55404, 1.57052, 1.58677, 1.60283, 1.61866, 1.63427, 1.64966, 1.66483, 1.67978, 1.6945, 1.709, 1.72326, 1.73729, 1.75112, 1.76468, 1.778, 1.79111, 1.80397, 1.8166, 1.82899, 1.84114, 1.85305, 1.86472, 1.87615, 1.88734, 1.89828, 1.90899, 1.91944, 1.92966, 1.93963, 1.94935, 1.95883, 1.96807, 1.97706, 1.98582, 1.99432, 2.00258, 2.00659
0.00382158, -0.0331123, 0.0280368, -0.0247565, 0.0227528, 0.123966, 0.184091, 0.229179, 0.270183, 0.304797, 0.339582, 0.369057, 0.401488, 0.427424, 0.456699, 0.484234, 0.510205, 0.537305, 0.562161, 0.587618, 0.611989, 0.637168, 0.660132, 0.685271, 0.708727, 0.732201, 0.755532, 0.7785, 0.801445, 0.824062, 0.846537, 0.868808, 0.890891, 0.912746, 0.934619, 0.95563, 0.977662, 0.99851, 1.01978, 1.0406, 1.06133, 1.08193, 1.1022, 1.12231, 1.14231, 1.16226, 1.18133, 1.20151, 1.21967, 1.23764, 1.25547, 1.27313, 1.29062, 1.30793, 1.32506, 1.34202, 1.35879, 1.37538, 1.39177, 1.40798, 1.424, 1.43983, 1.45546, 1.47087, 1.48631, 1.50127, 1.51612, 1.53074, 1.54516, 1.55936, 1.57336, 1.58715, 1.60072, 1.61408, 1.62723, 1.63991, 1.65272, 1.66541, 1.67758, 1.68968, 1.70148, 1.7131, 1.72446, 1.73562, 1.74655, 1.75724, 1.76939, 1.77844, 1.78938, 1.79847, 1.80863, 1.81747, 1.82703, 1.83551, 1.84457, 1.85259, 1.86123, 1.86871, 1.87702, 1.88044
0.00358062, -0.0310245, 0.026269, -0.0231955, 0.0213182, 0.116128, 0.172455, 0.21468, 0.253089, 0.285497, 0.318077, 0.345664, 0.37604, 0.400304, 0.427736, 0.453469, 0.477832, 0.503131, 0.526499, 0.55016, 0.573259, 0.596635, 0.618144, 0.641652, 0.663673, 0.685654, 0.707333, 0.728928, 0.750388, 0.771578, 0.792706, 0.813502, 0.83411, 0.854595, 0.874959, 0.894957, 0.914696, 0.934881, 0.954689, 0.974261, 0.993569, 1.01289, 1.03189, 1.05069, 1.06937, 1.08808, 1.10595, 1.1247, 1.14286, 1.15996, 1.17664, 1.1932, 1.20959, 1.22582, 1.24188, 1.25777, 1.27349, 1.28904, 1.30441, 1.31961, 1.33462, 1.34946, 1.36409, 1.37875, 1.39077, 1.40554, 1.41919, 1.43296, 1.44642, 1.45973, 1.47283, 1.48573, 1.49843, 1.51094, 1.52313, 1.53798, 1.54869, 1.55817, 1.57078, 1.58146, 1.59286, 1.60352, 1.61428, 1.62465, 1.63492, 1.64491, 1.65423, 1.66416, 1.67327, 1.68264, 1.69141, 1.70029, 1.70868, 1.7171, 1.72507, 1.73306, 1.7406, 1.74818, 1.75525, 1.75886
0.00335183, -0.0290421, 0.0245905, -0.0217134, 0.019956, 0.108734, 0.161462, 0.201001, 0.236945, 0.267289, 0.297769, 0.323601, 0.352008, 0.374736, 0.400373, 0.424514, 0.447255, 0.470937, 0.49278, 0.514945, 0.536565, 0.558388, 0.578559, 0.600454, 0.621095, 0.641695, 0.661982, 0.682158, 0.702235, 0.722052, 0.741793, 0.761265, 0.780547, 0.799716, 0.818776, 0.837428, 0.856087, 0.874789, 0.893385, 0.9115, 0.929646, 0.947813, 0.965507, 0.983282, 1.0006, 1.01812, 1.03483, 1.05243, 1.06894, 1.08546, 1.10096, 1.11648, 1.13181, 1.14699, 1.16202, 1.17689, 1.1916, 1.20615, 1.22053, 1.23474, 1.24879, 1.26267, 1.27638, 1.28986, 1.30392, 1.31689, 1.32997, 1.34278, 1.35543, 1.3679, 1.38018, 1.39228, 1.40419, 1.41591, 1.42747, 1.43796, 1.44948, 1.46113, 1.47154, 1.4823, 1.49257, 1.50282, 1.51277, 1.52258, 1.53215, 1.54155, 1.5509, 1.55978, 1.56866, 1.57719, 1.58564, 1.59379, 1.60183, 1.60959, 1.61722, 1.62457, 1.6318, 1.63875, 1.64559, 1.64886
0.00313641, -0.0271756, 0.0230101, -0.0203179, 0.0186735, 0.101744, 0.151082, 0.188073, 0.221704, 0.250086, 0.2786, 0.302756, 0.32933, 0.350574, 0.374566, 0.397086, 0.418381, 0.440555, 0.460935, 0.481731, 0.501742, 0.52233, 0.541115, 0.561724, 0.58091, 0.600114, 0.619217, 0.638013, 0.656791, 0.675303, 0.6937, 0.711935, 0.730015, 0.74789, 0.765848, 0.78297, 0.801, 0.818065, 0.835455, 0.852577, 0.869503, 0.886324, 0.902922, 0.91948, 0.93576, 0.952091, 0.967728, 0.984141, 0.99985, 1.01544, 1.03004, 1.04454, 1.05889, 1.07309, 1.08715, 1.10106, 1.11482, 1.12843, 1.14189, 1.15519, 1.16833, 1.18132, 1.19414, 1.20682, 1.21909, 1.23149, 1.24363, 1.25564, 1.26746, 1.27912, 1.2906, 1.30191, 1.31304, 1.324, 1.33478, 1.34566, 1.35596, 1.36599, 1.37616, 1.38599, 1.39572, 1.40522, 1.41457, 1.42371, 1.43268, 1.44146, 1.45, 1.45844, 1.46664, 1.47469, 1.48252, 1.4902, 1.49765, 1.50495, 1.51203, 1.51895, 1.52566, 1.53221, 1.53854, 1.54163
0.0029324, -0.025408, 0.0215134, -0.0189963, 0.0174588, 0.095139, 0.14127, 0.175862, 0.2073, 0.233839, 0.260486, 0.283073, 0.3079, 0.327771, 0.350172, 0.37127, 0.391141, 0.411844, 0.430892, 0.450292, 0.469145, 0.488242, 0.505833, 0.525016, 0.543028, 0.561, 0.578702, 0.596347, 0.613878, 0.631193, 0.648455, 0.665461, 0.682273, 0.699046, 0.715645, 0.732043, 0.74812, 0.764548, 0.780837, 0.796622, 0.812547, 0.82835, 0.843858, 0.859194, 0.874478, 0.889775, 0.904372, 0.919758, 0.934158, 0.948869, 0.962879, 0.976369, 0.989792, 1.00307, 1.01621, 1.02921, 1.04208, 1.0548, 1.06737, 1.07981, 1.09209, 1.10423, 1.11622, 1.12804, 1.1398, 1.15131, 1.16269, 1.1739, 1.18496, 1.19585, 1.20659, 1.21716, 1.22757, 1.23782, 1.2479, 1.25772, 1.26751, 1.27716, 1.28653, 1.29579, 1.30485, 1.31376, 1.32248, 1.33104, 1.33942, 1.34763, 1.35568, 1.36353, 1.37122, 1.37873, 1.38607, 1.39322, 1.40022, 1.40702, 1.41366, 1.42011, 1.4264, 1.43251, 1.43844, 1.44132
0.00273972, -0.0237384, 0.0200998, -0.0177481, 0.0163116, 0.0888913, 0.131995, 0.164313, 0.193685, 0.218475, 0.243369, 0.264462, 0.287653, 0.306204, 0.327133, 0.34681, 0.365386, 0.384706, 0.402516, 0.42062, 0.438181, 0.456051, 0.472464, 0.490393, 0.507184, 0.523954, 0.540527, 0.556974, 0.573342, 0.589501, 0.605595, 0.62148, 0.637206, 0.652821, 0.668456, 0.683429, 0.699048, 0.713985, 0.729178, 0.744134, 0.758753, 0.77355, 0.787998, 0.802394, 0.816631, 0.830902, 0.844536, 0.85888, 0.872437, 0.886011, 0.899651, 0.912118, 0.924684, 0.937082, 0.94936, 0.961508, 0.973525, 0.985409, 0.99716, 1.00877, 1.02025, 1.03159, 1.04279, 1.05385, 1.06473, 1.07551, 1.08613, 1.09661, 1.10694, 1.11712, 1.12714, 1.13702, 1.14675, 1.15632, 1.16573, 1.17503, 1.18412, 1.19304, 1.20184, 1.21047, 1.21894, 1.22725, 1.23541, 1.2434, 1.25123, 1.2589, 1.2664, 1.27374, 1.28092, 1.28794, 1.29479, 1.30148, 1.308, 1.31437, 1.32056, 1.3266, 1.33247, 1.33817, 1.34371, 1.3464
0.00255639, -0.02215, 0.0187548, -0.0165605, 0.0152201, 0.0829867, 0.123215, 0.153395, 0.180801, 0.203953, 0.227172, 0.246877, 0.268495, 0.285836, 0.305323, 0.323729, 0.341016, 0.359081, 0.375651, 0.392604, 0.408852, 0.425627, 0.440927, 0.457669, 0.473288, 0.488953, 0.504468, 0.519764, 0.535038, 0.550099, 0.565069, 0.579912, 0.594607, 0.609179, 0.623749, 0.63777, 0.652281, 0.666216, 0.680413, 0.694251, 0.70809, 0.721767, 0.735297, 0.748661, 0.761995, 0.775273, 0.788002, 0.801355, 0.814136, 0.826627, 0.839168, 0.851426, 0.86304, 0.874635, 0.88609, 0.897429, 0.908646, 0.919738, 0.930705, 0.941546, 0.952258, 0.962841, 0.973293, 0.983612, 0.993808, 1.00386, 1.01377, 1.02355, 1.03319, 1.04269, 1.05205, 1.06127, 1.07035, 1.07928, 1.08807, 1.0967, 1.10521, 1.11357, 1.12177, 1.12983, 1.13773, 1.14549, 1.1531, 1.16056, 1.16787, 1.17503, 1.18203, 1.18889, 1.19559, 1.20214, 1.20854, 1.21478, 1.22087, 1.22682, 1.23259, 1.23823, 1.2437, 1.24904, 1.2542, 1.25672
0.002385, -0.0206649, 0.0174974, -0.0154502, 0.0141997, 0.0773861, 0.114919, 0.143054, 0.168627, 0.190201, 0.211871, 0.23022, 0.250405, 0.266533, 0.284753, 0.301838, 0.318008, 0.334816, 0.350301, 0.366041, 0.381298, 0.396853, 0.411122, 0.426712, 0.441293, 0.455865, 0.470323, 0.484592, 0.498822, 0.512864, 0.526825, 0.540653, 0.554338, 0.56792, 0.581503, 0.594553, 0.608082, 0.621127, 0.63429, 0.647229, 0.660054, 0.672841, 0.68543, 0.697907, 0.710315, 0.7227, 0.734561, 0.747013, 0.758881, 0.770591, 0.782265, 0.79398, 0.804744, 0.815568, 0.826248, 0.836821, 0.84728, 0.857623, 0.86785, 0.877958, 0.887947, 0.897815, 0.907561, 0.917184, 0.926678, 0.936051, 0.945297, 0.954415, 0.963404, 0.972263, 0.980991, 0.989587, 0.99805, 1.00638, 1.01458, 1.02264, 1.03056, 1.03835, 1.046, 1.05351, 1.06088, 1.06812, 1.07521, 1.08217, 1.08898, 1.09566, 1.10219, 1.10858, 1.11483, 1.12093, 1.1269, 1.13272, 1.1384, 1.14379, 1.14932, 1.15443, 1.15969, 1.16449, 1.1695, 1.17173
0.00222076, -0.0192419, 0.0162925, -0.0143863, 0.0132219, 0.0720952, 0.107055, 0.133276, 0.157091, 0.1772, 0.197373, 0.21448, 0.23326, 0.248307, 0.26524, 0.281211, 0.296224, 0.31188, 0.326294, 0.340957, 0.355181, 0.369637, 0.382931, 0.397429, 0.411033, 0.424615, 0.438005, 0.451324, 0.464585, 0.477617, 0.490703, 0.503508, 0.516252, 0.528912, 0.541516, 0.553729, 0.566207, 0.578383, 0.590688, 0.602739, 0.614603, 0.626578, 0.638296, 0.649909, 0.661432, 0.67299, 0.684024, 0.695644, 0.70655, 0.717655, 0.728388, 0.739427, 0.74967, 0.759711, 0.769668, 0.779516, 0.789259, 0.798894, 0.80842, 0.817836, 0.827141, 0.836334, 0.845412, 0.854376, 0.863225, 0.871955, 0.880568, 0.889062, 0.897435, 0.905688, 0.913818, 0.921826, 0.92971, 0.937469, 0.945104, 0.95261, 0.959993, 0.967248, 0.974374, 0.981372, 0.988241, 0.994981, 1.00159, 1.00807, 1.01442, 1.02063, 1.02672, 1.03267, 1.03849, 1.04418, 1.04974, 1.05516, 1.06045, 1.06567, 1.07063, 1.07558, 1.08028, 1.08498, 1.08939, 1.09162
0.00206687, -0.0179085, 0.0151635, -0.0133893, 0.0123057, 0.0670753, 0.0996179, 0.124008, 0.146182, 0.16488, 0.183665, 0.199563, 0.217058, 0.231024, 0.24682, 0.261606, 0.275627, 0.29017, 0.303584, 0.317193, 0.330477, 0.34389, 0.356252, 0.36974, 0.382376, 0.395006, 0.407484, 0.419855, 0.432182, 0.444347, 0.456433, 0.468414, 0.480224, 0.492011, 0.503699, 0.515182, 0.526541, 0.538045, 0.549431, 0.560636, 0.571751, 0.582806, 0.593708, 0.604507, 0.615232, 0.625968, 0.636233, 0.647027, 0.657221, 0.667474, 0.677514, 0.687676, 0.697441, 0.706737, 0.716009, 0.725168, 0.734232, 0.743195, 0.752056, 0.760816, 0.769472, 0.778023, 0.786468, 0.794806, 0.803036, 0.811158, 0.81917, 0.827071, 0.83486, 0.842536, 0.8501, 0.857548, 0.864882, 0.8721, 0.879201, 0.886186, 0.893053, 0.8998, 0.906429, 0.912938, 0.919328, 0.925596, 0.931744, 0.93777, 0.943675, 0.949457, 0.955117, 0.960655, 0.966069, 0.97136, 0.976528, 0.981572, 0.986493, 0.991266, 0.995963, 1.00049, 1.00494, 1.00921, 1.01342, 1.01543
0.00191921, -0.0166291, 0.0140801, -0.0124328, 0.0114265, 0.062331, 0.0925636, 0.115242, 0.135838, 0.153228, 0.170669, 0.18546, 0.201693, 0.214698, 0.229332, 0.24313, 0.256106, 0.269623, 0.282095, 0.294739, 0.307016, 0.319524, 0.331009, 0.34353, 0.355274, 0.367, 0.378582, 0.390078, 0.401525, 0.412775, 0.424075, 0.435128, 0.44615, 0.45707, 0.467997, 0.478433, 0.489475, 0.499791, 0.510437, 0.520813, 0.531137, 0.541404, 0.551528, 0.561551, 0.571537, 0.581482, 0.591023, 0.601023, 0.610615, 0.619962, 0.629376, 0.638729, 0.648202, 0.656748, 0.665384, 0.673892, 0.682316, 0.690645, 0.698881, 0.707021, 0.715065, 0.723012, 0.73086, 0.738609, 0.746259, 0.753806, 0.761252, 0.768594, 0.775833, 0.782967, 0.789996, 0.796918, 0.803734, 0.810442, 0.817042, 0.823532, 0.829914, 0.836185, 0.842346, 0.848395, 0.854333, 0.860159, 0.865873, 0.871474, 0.876961, 0.882335, 0.887596, 0.892742, 0.897774, 0.902692, 0.907495, 0.912183, 0.916757, 0.921225, 0.925559, 0.929798, 0.933901, 0.937912, 0.941782, 0.943675
0.00178086, -0.0154304, 0.0130652, -0.0115365, 0.0106028, 0.0578274, 0.08589, 0.106931, 0.126051, 0.142183, 0.158376, 0.172091, 0.187165, 0.199215, 0.212815, 0.22558, 0.237652, 0.250183, 0.261731, 0.273487, 0.284881, 0.296462, 0.307114, 0.31873, 0.329617, 0.340493, 0.351239, 0.361898, 0.372514, 0.382966, 0.393412, 0.403695, 0.413889, 0.424046, 0.4341, 0.444025, 0.45371, 0.463694, 0.473484, 0.483159, 0.492646, 0.502236, 0.511618, 0.520919, 0.530139, 0.5394, 0.548237, 0.557546, 0.566256, 0.575185, 0.583783, 0.592563, 0.601012, 0.609398, 0.617313, 0.625227, 0.633038, 0.640767, 0.648407, 0.655959, 0.663422, 0.670795, 0.678077, 0.685266, 0.692362, 0.699364, 0.706272, 0.713084, 0.7198, 0.726419, 0.732939, 0.739362, 0.745685, 0.751908, 0.758031, 0.764053, 0.769973, 0.775791, 0.781506, 0.787119, 0.792628, 0.798032, 0.803333, 0.808529, 0.81362, 0.818605, 0.823485, 0.82826, 0.832928, 0.83749, 0.841946, 0.846295, 0.850538, 0.854669, 0.858703, 0.862621, 0.866442, 0.870147, 0.873756, 0.8755
0.00164908, -0.0142886, 0.0120984, -0.0106829, 0.00981821, 0.0535641, 0.0795633, 0.0990591, 0.116776, 0.131723, 0.146727, 0.159432, 0.173398, 0.184559, 0.19716, 0.208979, 0.220152, 0.231757, 0.242482, 0.253324, 0.263931, 0.274615, 0.284509, 0.29521, 0.305328, 0.315402, 0.325345, 0.335224, 0.345038, 0.354743, 0.364394, 0.373931, 0.383373, 0.392722, 0.402082, 0.411194, 0.420381, 0.429484, 0.438568, 0.447411, 0.45631, 0.465165, 0.473832, 0.482443, 0.491028, 0.499558, 0.50775, 0.516351, 0.524497, 0.532652, 0.54067, 0.548759, 0.5567, 0.56447, 0.571907, 0.579217, 0.586458, 0.593617, 0.600696, 0.607693, 0.614607, 0.621437, 0.628183, 0.634843, 0.641418, 0.647905, 0.654305, 0.660616, 0.666837, 0.672969, 0.67901, 0.68496, 0.690818, 0.696584, 0.702256, 0.707835, 0.71332, 0.71871, 0.724005, 0.729205, 0.734309, 0.739317, 0.744227, 0.749041, 0.753757, 0.758377, 0.762898, 0.767321, 0.771646, 0.775873, 0.780001, 0.78403, 0.787961, 0.791796, 0.795527, 0.799164, 0.802697, 0.806137, 0.809472, 0.811093
0.00152392, -0.0132041, 0.0111801, -0.00987207, 0.00907303, 0.0495258, 0.0735669, 0.091604, 0.107987, 0.121817, 0.135688, 0.147447, 0.160353, 0.170688, 0.182322, 0.193276, 0.203595, 0.214329, 0.224226, 0.234276, 0.244021, 0.253957, 0.263067, 0.27303, 0.282335, 0.291641, 0.30084, 0.309964, 0.319057, 0.32798, 0.336944, 0.345719, 0.354467, 0.363146, 0.371825, 0.380119, 0.388806, 0.39708, 0.405474, 0.413755, 0.421922, 0.430055, 0.438079, 0.446113, 0.453945, 0.461862, 0.469433, 0.477368, 0.484974, 0.4924, 0.499859, 0.507392, 0.514204, 0.524992, 0.528223, 0.53575, 0.542278, 0.548937, 0.555473, 0.561946, 0.568339, 0.574655, 0.580893, 0.587052, 0.593131, 0.59913, 0.605048, 0.610884, 0.616637, 0.622308, 0.627894, 0.633396, 0.638813, 0.644145, 0.64939, 0.654549, 0.659621, 0.664605, 0.669502, 0.67431, 0.67903, 0.68366, 0.688201, 0.692653, 0.697014, 0.701285, 0.705466, 0.709557, 0.713556, 0.717465, 0.721282, 0.725008, 0.728643, 0.732186, 0.735639, 0.738999, 0.74227, 0.745447, 0.748535, 0.750032
0.00140546, -0.0121777, 0.010311, -0.00910465, 0.00836772, 0.0456983, 0.067886, 0.0845388, 0.0996605, 0.112431, 0.125233, 0.136092, 0.148, 0.157545, 0.168274, 0.178387, 0.187902, 0.197826, 0.206933, 0.216252, 0.225172, 0.234379, 0.242795, 0.251967, 0.260543, 0.269141, 0.277665, 0.286059, 0.294429, 0.302709, 0.310894, 0.319056, 0.327113, 0.335107, 0.343079, 0.35081, 0.358733, 0.36643, 0.374174, 0.381758, 0.389321, 0.396846, 0.404242, 0.411615, 0.418891, 0.426177, 0.43316, 0.440496, 0.447423, 0.454623, 0.461183, 0.468183, 0.474693, 0.482874, 0.487706, 0.494258, 0.500367, 0.506491, 0.512527, 0.518497, 0.524395, 0.530223, 0.535978, 0.541661, 0.54727, 0.552804, 0.558264, 0.563648, 0.568956, 0.574188, 0.579342, 0.584418, 0.589415, 0.594334, 0.599173, 0.603933, 0.608612, 0.61321, 0.617727, 0.622163, 0.626517, 0.630789, 0.634978, 0.639085, 0.643108, 0.647048, 0.650905, 0.654678, 0.658368, 0.661973, 0.665494, 0.668932, 0.672285, 0.675554, 0.678738, 0.681838, 0.684853, 0.687786, 0.690632, 0.692014
0.00129428, -0.0112143, 0.00949538, -0.00838443, 0.00770579, 0.0420655, 0.0625096, 0.0778411, 0.0917772, 0.103535, 0.115336, 0.125329, 0.136309, 0.145085, 0.154988, 0.164284, 0.173064, 0.182181, 0.190589, 0.199121, 0.207452, 0.215843, 0.223596, 0.232036, 0.239965, 0.247865, 0.255655, 0.263421, 0.271144, 0.278718, 0.286353, 0.293789, 0.301213, 0.308589, 0.315906, 0.323105, 0.330178, 0.33742, 0.344521, 0.351547, 0.358469, 0.365403, 0.372212, 0.379022, 0.385672, 0.392406, 0.39883, 0.405591, 0.411922, 0.418465, 0.424647, 0.431077, 0.436904, 0.445361, 0.449179, 0.455455, 0.461033, 0.466689, 0.472248, 0.477751, 0.483187, 0.488557, 0.493862, 0.499099, 0.504268, 0.509369, 0.514401, 0.519363, 0.524255, 0.529077, 0.533827, 0.538505, 0.543112, 0.547645, 0.552106, 0.556493, 0.560806, 0.565044, 0.569208, 0.573297, 0.577311, 0.581248, 0.58511, 0.588896, 0.592605, 0.596238, 0.599793, 0.603272, 0.606673, 0.609998, 0.613244, 0.616414, 0.619505, 0.622519, 0.625456, 0.628314, 0.631096, 0.633799, 0.636426, 0.6377
0.00117458, -0.0101772, 0.00861721, -0.007609, 0.00699291, 0.0387064, 0.0573329, 0.0715021, 0.0843014, 0.0951155, 0.10595, 0.115146, 0.12522, 0.133305, 0.142375, 0.150941, 0.158984, 0.167383, 0.175086, 0.182973, 0.190488, 0.1983, 0.205412, 0.213177, 0.220419, 0.22768, 0.234907, 0.241996, 0.249073, 0.256074, 0.262981, 0.269888, 0.276704, 0.283456, 0.290222, 0.29668, 0.303537, 0.309931, 0.316491, 0.322901, 0.329301, 0.335646, 0.341897, 0.348137, 0.354286, 0.360436, 0.366345, 0.372523, 0.378491, 0.384208, 0.390081, 0.395915, 0.401437, 0.40865, 0.4125, 0.418326, 0.423436, 0.428633, 0.433738, 0.438792, 0.443784, 0.448717, 0.453588, 0.458397, 0.463145, 0.467829, 0.472451, 0.477008, 0.481501, 0.485929, 0.490291, 0.494588, 0.498818, 0.502982, 0.507078, 0.511107, 0.515068, 0.51896, 0.522784, 0.526539, 0.530225, 0.533841, 0.537387, 0.540864, 0.54427, 0.547606, 0.550871, 0.554065, 0.557189, 0.560241, 0.563223, 0.566133, 0.568972, 0.57174, 0.574436, 0.577061, 0.579615, 0.582097, 0.584508, 0.585678
0.00108281, -0.00938205, 0.00794395, -0.00701451, 0.00644667, 0.0354007, 0.0525547, 0.0654904, 0.0772305, 0.087132, 0.0970749, 0.105488, 0.11474, 0.122124, 0.130471, 0.13828, 0.145681, 0.153356, 0.160436, 0.167616, 0.174611, 0.181686, 0.188208, 0.195314, 0.20197, 0.208618, 0.215197, 0.221714, 0.228206, 0.234593, 0.240978, 0.247257, 0.253507, 0.259685, 0.265915, 0.271868, 0.277952, 0.283977, 0.289921, 0.295858, 0.301662, 0.307457, 0.313228, 0.318872, 0.324532, 0.330193, 0.335611, 0.34126, 0.346657, 0.352053, 0.357326, 0.362706, 0.367669, 0.374584, 0.3779, 0.383368, 0.388018, 0.392789, 0.397466, 0.402098, 0.406673, 0.411193, 0.415658, 0.420066, 0.424417, 0.42871, 0.432945, 0.437122, 0.441239, 0.445298, 0.449296, 0.453234, 0.457111, 0.460927, 0.464681, 0.468374, 0.472004, 0.475571, 0.479076, 0.482518, 0.485896, 0.48921, 0.492461, 0.495647, 0.498769, 0.501827, 0.50482, 0.507748, 0.510611, 0.513409, 0.516142, 0.51881, 0.521412, 0.523949, 0.526421, 0.528827, 0.531168, 0.533444, 0.535654, 0.536727
0.00099465, -0.0086182, 0.00729718, -0.00644341, 0.00592191, 0.032278, 0.0480229, 0.0598054, 0.0705275, 0.0795821, 0.088661, 0.0963582, 0.104801, 0.111564, 0.119169, 0.12633, 0.133068, 0.140099, 0.146543, 0.153145, 0.159441, 0.16597, 0.171922, 0.178417, 0.184483, 0.190556, 0.196587, 0.202525, 0.208449, 0.214297, 0.220092, 0.225856, 0.231552, 0.237212, 0.242843, 0.248291, 0.253949, 0.259359, 0.264837, 0.270183, 0.275545, 0.280868, 0.286077, 0.291334, 0.29644, 0.301582, 0.306517, 0.311701, 0.316655, 0.321489, 0.326366, 0.331258, 0.335847, 0.341971, 0.345112, 0.350027, 0.354516, 0.358803, 0.363092, 0.36732, 0.371501, 0.37563, 0.379708, 0.383735, 0.38771, 0.391632, 0.395502, 0.399317, 0.403079, 0.406787, 0.41044, 0.414037, 0.417579, 0.421066, 0.424496, 0.427869, 0.431186, 0.434445, 0.437647, 0.440792, 0.443878, 0.446906, 0.449876, 0.452787, 0.45564, 0.458433, 0.461168, 0.463843, 0.466459, 0.469016, 0.471513, 0.47395, 0.476328, 0.478646, 0.480905, 0.483103, 0.485242, 0.487322, 0.489342, 0.490322
0.000890044, -0.00771183, 0.00652975, -0.00576577, 0.00529887, 0.0294444, 0.0436112, 0.0544209, 0.0641873, 0.0724316, 0.0807033, 0.0877107, 0.0954044, 0.101558, 0.10849, 0.115011, 0.121149, 0.12754, 0.133421, 0.139405, 0.145193, 0.151097, 0.156517, 0.162428, 0.167954, 0.173489, 0.178958, 0.184372, 0.189767, 0.195081, 0.200376, 0.205604, 0.210792, 0.215937, 0.221083, 0.226045, 0.23114, 0.236092, 0.24107, 0.245978, 0.250818, 0.255647, 0.260405, 0.265142, 0.269824, 0.27452, 0.279018, 0.283726, 0.288182, 0.292841, 0.297038, 0.301557, 0.305673, 0.311366, 0.314159, 0.318662, 0.322739, 0.326668, 0.330568, 0.334419, 0.338225, 0.341985, 0.345698, 0.349365, 0.352984, 0.356555, 0.360078, 0.363552, 0.366978, 0.370354, 0.373679, 0.376955, 0.38018, 0.383355, 0.386465, 0.389543, 0.39256, 0.395529, 0.398444, 0.401307, 0.404117, 0.406875, 0.409579, 0.41223, 0.414827, 0.417371, 0.419861, 0.422297, 0.424679, 0.427007, 0.429281, 0.431501, 0.433666, 0.435777, 0.437834, 0.439836, 0.441784, 0.443678, 0.445517, 0.44641
0.000815004, -0.00706165, 0.00597922, -0.00527965, 0.00485226, 0.026627, 0.0395762, 0.0493287, 0.0581883, 0.0656696, 0.0731738, 0.0795338, 0.0865128, 0.0920984, 0.0983844, 0.1043, 0.109867, 0.115671, 0.120997, 0.126442, 0.131656, 0.137036, 0.14195, 0.147311, 0.152321, 0.157336, 0.162309, 0.167212, 0.172101, 0.176927, 0.181715, 0.186467, 0.191169, 0.195834, 0.200499, 0.204988, 0.209634, 0.214134, 0.218627, 0.223055, 0.227471, 0.231852, 0.236185, 0.240486, 0.244693, 0.248956, 0.253029, 0.257297, 0.261404, 0.26528, 0.269424, 0.273429, 0.277226, 0.28228, 0.284907, 0.288928, 0.292724, 0.296311, 0.299843, 0.303338, 0.30679, 0.310201, 0.31357, 0.316896, 0.320179, 0.323419, 0.326615, 0.329767, 0.332875, 0.335937, 0.338955, 0.341927, 0.344853, 0.347732, 0.350575, 0.353357, 0.356099, 0.358791, 0.361437, 0.364035, 0.366585, 0.369087, 0.37154, 0.373946, 0.376303, 0.378611, 0.380871, 0.383081, 0.385243, 0.387356, 0.389419, 0.391433, 0.393399, 0.395317, 0.397181, 0.399001, 0.400766, 0.402488, 0.404154, 0.404967
0.000728962, -0.00631613, 0.00534798, -0.00472227, 0.0043399, 0.0240512, 0.0356746, 0.0445131, 0.0525195, 0.0592745, 0.0660592, 0.0718001, 0.0781127, 0.0831503, 0.0888408, 0.0941681, 0.0992135, 0.104443, 0.109274, 0.114154, 0.118919, 0.123744, 0.128184, 0.133024, 0.137552, 0.142075, 0.146561, 0.150992, 0.155409, 0.159761, 0.164091, 0.168373, 0.172617, 0.176829, 0.181042, 0.185102, 0.189278, 0.193337, 0.197398, 0.201435, 0.205377, 0.209317, 0.213214, 0.217108, 0.220928, 0.224772, 0.228453, 0.232305, 0.235969, 0.239696, 0.243217, 0.246891, 0.250277, 0.254912, 0.25722, 0.260893, 0.264235, 0.26761, 0.270768, 0.273932, 0.277048, 0.28013, 0.283172, 0.286176, 0.289141, 0.292068, 0.294954, 0.297801, 0.300608, 0.303374, 0.306099, 0.308783, 0.311426, 0.314028, 0.316581, 0.319101, 0.321574, 0.324007, 0.326396, 0.328743, 0.331046, 0.333306, 0.335524, 0.337695, 0.339825, 0.34191, 0.343951, 0.345948, 0.3479, 0.349809, 0.351673, 0.353492, 0.355268, 0.356787, 0.358677, 0.360109, 0.361927, 0.363233, 0.365025, 0.365585
0.000657659, -0.00569832, 0.00482487, -0.00426036, 0.00391545, 0.0215621, 0.0320472, 0.039968, 0.0471624, 0.053238, 0.0593351, 0.064501, 0.0701721, 0.0747084, 0.079815, 0.0846198, 0.0891393, 0.0938578, 0.098173, 0.102609, 0.106824, 0.1112, 0.115189, 0.11954, 0.123604, 0.127681, 0.131711, 0.13569, 0.139657, 0.143572, 0.14746, 0.151315, 0.155132, 0.158919, 0.162693, 0.166342, 0.170114, 0.173739, 0.177414, 0.180988, 0.184584, 0.188149, 0.191655, 0.195135, 0.19857, 0.202013, 0.205319, 0.208785, 0.212079, 0.215424, 0.218584, 0.221886, 0.224942, 0.229037, 0.23116, 0.23445, 0.237498, 0.240525, 0.243364, 0.246208, 0.249009, 0.251779, 0.254514, 0.257214, 0.25988, 0.262511, 0.265106, 0.267665, 0.270188, 0.272675, 0.275125, 0.277538, 0.279914, 0.282253, 0.284558, 0.286819, 0.289045, 0.291231, 0.29338, 0.29549, 0.297561, 0.299593, 0.301585, 0.303539, 0.305453, 0.307328, 0.309164, 0.310959, 0.312715, 0.314432, 0.316108, 0.317745, 0.319341, 0.321047, 0.32242, 0.324044, 0.325326, 0.326897, 0.328054, 0.328834
0.000590994, -0.0051207, 0.00433579, -0.0038285, 0.00351862, 0.0192112, 0.0286286, 0.0356763, 0.0421111, 0.0475375, 0.052995, 0.0576069, 0.062687, 0.0667311, 0.0713129, 0.0755902, 0.0796523, 0.0838439, 0.0877373, 0.0916345, 0.0955221, 0.0993526, 0.10292, 0.106801, 0.110452, 0.114079, 0.117657, 0.121229, 0.124775, 0.128274, 0.131759, 0.135188, 0.138576, 0.141968, 0.145319, 0.148645, 0.151868, 0.155215, 0.158475, 0.161674, 0.164863, 0.168037, 0.171155, 0.174276, 0.17733, 0.18042, 0.183369, 0.186468, 0.189363, 0.192398, 0.195215, 0.198169, 0.200862, 0.204592, 0.206459, 0.209398, 0.212091, 0.214782, 0.217449, 0.219958, 0.222469, 0.224942, 0.227386, 0.229799, 0.232181, 0.234532, 0.23685, 0.239137, 0.241392, 0.243614, 0.245803, 0.247959, 0.250083, 0.252172, 0.254226, 0.256249, 0.258237, 0.260191, 0.262111, 0.263996, 0.265847, 0.267663, 0.269445, 0.27119, 0.272901, 0.274577, 0.276217, 0.277822, 0.279391, 0.280925, 0.282423, 0.283886, 0.285313, 0.286594, 0.288055, 0.289267, 0.290665, 0.291786, 0.293145, 0.293645
0.000515354, -0.00446531, 0.00378086, -0.0033385, 0.00306815, 0.0170713, 0.0253335, 0.0316243, 0.0373469, 0.0421722, 0.0470137, 0.051119, 0.0556224, 0.059229, 0.0632804, 0.0671029, 0.070685, 0.0744437, 0.0778594, 0.0814036, 0.0847019, 0.0882117, 0.0913784, 0.0948381, 0.0980511, 0.101292, 0.104511, 0.107659, 0.110808, 0.11391, 0.11699, 0.120054, 0.123106, 0.126097, 0.129124, 0.131962, 0.135049, 0.137874, 0.140774, 0.143643, 0.14648, 0.1493, 0.152096, 0.154858, 0.157581, 0.160321, 0.162948, 0.165687, 0.168359, 0.170854, 0.173495, 0.176076, 0.178535, 0.181773, 0.183463, 0.186062, 0.18848, 0.190873, 0.193221, 0.195457, 0.197688, 0.199886, 0.202059, 0.204204, 0.206321, 0.208411, 0.210473, 0.212506, 0.21451, 0.216486, 0.218433, 0.22035, 0.222238, 0.224096, 0.225927, 0.227724, 0.229493, 0.231231, 0.232938, 0.234615, 0.236261, 0.237877, 0.23946, 0.241014, 0.242535, 0.244026, 0.245486, 0.246913, 0.24831, 0.249675, 0.251008, 0.25231, 0.25358, 0.254903, 0.256028, 0.257286, 0.258342, 0.259552, 0.260519, 0.261112
0.000463158, -0.00401306, 0.00339793, -0.00300037, 0.00275756, 0.0149509, 0.022344, 0.027844, 0.0328709, 0.0371171, 0.0413943, 0.0450037, 0.0489882, 0.0521509, 0.0557463, 0.0590912, 0.0622793, 0.0655488, 0.0686132, 0.0716412, 0.0747223, 0.0776902, 0.0804862, 0.0835007, 0.0863793, 0.0892121, 0.0919888, 0.0947874, 0.0975583, 0.1003, 0.10303, 0.105704, 0.108327, 0.110985, 0.113581, 0.116224, 0.118662, 0.121325, 0.123885, 0.126363, 0.12885, 0.131345, 0.133766, 0.1362, 0.138585, 0.140989, 0.14329, 0.145716, 0.147929, 0.150427, 0.152526, 0.154832, 0.157112, 0.158711, 0.161557, 0.16357, 0.165739, 0.16782, 0.169947, 0.171941, 0.173894, 0.175851, 0.177756, 0.179645, 0.181507, 0.183345, 0.185158, 0.186946, 0.188709, 0.190447, 0.192159, 0.193845, 0.195506, 0.19714, 0.198746, 0.200329, 0.201883, 0.203412, 0.204913, 0.206388, 0.207835, 0.209255, 0.210649, 0.212014, 0.213353, 0.214663, 0.215946, 0.217202, 0.218429, 0.219629, 0.220801, 0.221946, 0.223062, 0.224083, 0.225209, 0.226174, 0.22725, 0.228148, 0.229188, 0.229593
0.000394609, -0.00341911, 0.00289502, -0.0025563, 0.00234929, 0.0130744, 0.0194248, 0.0242596, 0.0286621, 0.0323787, 0.0361081, 0.0392732, 0.0427427, 0.0455258, 0.0486447, 0.0516017, 0.0543557, 0.0572622, 0.059887, 0.0626285, 0.0651688, 0.0678765, 0.0703174, 0.0730041, 0.0754701, 0.0779687, 0.0804592, 0.0828965, 0.0853244, 0.0877115, 0.0900877, 0.0924624, 0.0948082, 0.0971399, 0.0994687, 0.101671, 0.104034, 0.106218, 0.108454, 0.110662, 0.112869, 0.115041, 0.117206, 0.119346, 0.121451, 0.123573, 0.125602, 0.127722, 0.129776, 0.13172, 0.133739, 0.135762, 0.137475, 0.141129, 0.141221, 0.143481, 0.145289, 0.147148, 0.148951, 0.150767, 0.152468, 0.154153, 0.155834, 0.15749, 0.159125, 0.160738, 0.16233, 0.163901, 0.165449, 0.166975, 0.168479, 0.16996, 0.171418, 0.172854, 0.174268, 0.175657, 0.177024, 0.178367, 0.179687, 0.180984, 0.182256, 0.183505, 0.18473, 0.185931, 0.187108, 0.188262, 0.189391, 0.190495, 0.191576, 0.192632, 0.193665, 0.194672, 0.195656, 0.196672, 0.197552, 0.198519, 0.199345, 0.200273, 0.201034, 0.201487
0.00034402, -0.00298078, 0.00252388, -0.00222859, 0.00204818, 0.0112412, 0.0167705, 0.0209224, 0.0247282, 0.0279315, 0.0311667, 0.0338901, 0.0369069, 0.0392903, 0.0420137, 0.0445307, 0.0469487, 0.0494055, 0.0517263, 0.0540026, 0.0563292, 0.0585639, 0.0606732, 0.0629166, 0.0651014, 0.067231, 0.0693239, 0.0714037, 0.0734861, 0.0755557, 0.0776125, 0.0796114, 0.0815825, 0.0835502, 0.0855121, 0.0874477, 0.0893271, 0.0912949, 0.0933058, 0.0951264, 0.0969651, 0.0988379, 0.100646, 0.102461, 0.104244, 0.106037, 0.10776, 0.10957, 0.111234, 0.113041, 0.114696, 0.116385, 0.118268, 0.1184, 0.121661, 0.122938, 0.12462, 0.126173, 0.127767, 0.129312, 0.130769, 0.132243, 0.133674, 0.135094, 0.136494, 0.137876, 0.139238, 0.140583, 0.141908, 0.143214, 0.144501, 0.145768, 0.147016, 0.148245, 0.149452, 0.150641, 0.15181, 0.152958, 0.154087, 0.155195, 0.156282, 0.15735, 0.158396, 0.159422, 0.160428, 0.161413, 0.162376, 0.163319, 0.164242, 0.165143, 0.166023, 0.166883, 0.167721, 0.168489, 0.169333, 0.170059, 0.170866, 0.171541, 0.17232, 0.172625
0.000288367, -0.00249858, 0.00211559, -0.00186806, 0.00171678, 0.00958069, 0.0142448, 0.0178033, 0.0210478, 0.0237889, 0.0265416, 0.028879, 0.0314438, 0.0335006, 0.0358086, 0.0379979, 0.0400323, 0.0421985, 0.0441336, 0.0461724, 0.0480544, 0.0500878, 0.0518792, 0.0538987, 0.0557207, 0.0575751, 0.0594283, 0.0612668, 0.0630809, 0.0648421, 0.0666098, 0.0683743, 0.0701386, 0.0719063, 0.0736314, 0.0753115, 0.0770369, 0.0786768, 0.0802853, 0.0819577, 0.0835991, 0.0852324, 0.0868433, 0.0884643, 0.0900444, 0.0916356, 0.0931554, 0.0947356, 0.0962824, 0.0977832, 0.0992206, 0.100768, 0.101862, 0.105729, 0.104585, 0.106522, 0.107809, 0.109205, 0.110541, 0.111897, 0.113217, 0.114456, 0.115712, 0.116943, 0.118161, 0.119363, 0.120549, 0.121718, 0.122872, 0.124009, 0.12513, 0.126234, 0.127322, 0.128392, 0.129447, 0.130484, 0.131504, 0.132506, 0.133491, 0.134459, 0.13541, 0.136343, 0.137258, 0.138156, 0.139036, 0.139899, 0.140744, 0.14157, 0.142372, 0.143169, 0.143938, 0.144693, 0.14543, 0.146196, 0.146853, 0.147582, 0.1482, 0.148901, 0.149469, 0.149812
0.000244467, -0.0021182, 0.00179351, -0.00158367, 0.00145547, 0.00799432, 0.0119429, 0.0149094, 0.0176327, 0.0199279, 0.0222465, 0.0242004, 0.0263591, 0.02807, 0.0300134, 0.0318217, 0.0335403, 0.0352924, 0.0369428, 0.0385629, 0.040225, 0.041767, 0.0433073, 0.0448549, 0.0464055, 0.0479332, 0.0493944, 0.0508425, 0.0522878, 0.0537638, 0.0552232, 0.0566394, 0.0579986, 0.0593484, 0.0607227, 0.0620552, 0.063385, 0.0647886, 0.0662055, 0.0674925, 0.0688066, 0.0701016, 0.0713685, 0.0726073, 0.0738469, 0.0750894, 0.0762795, 0.0775813, 0.078521, 0.0799906, 0.0811256, 0.0822877, 0.0838069, 0.0826224, 0.0862706, 0.0868877, 0.0881401, 0.0892133, 0.0903534, 0.0914296, 0.0925043, 0.093535, 0.0945475, 0.0955486, 0.0965362, 0.0975108, 0.098472, 0.0994198, 0.100354, 0.101275, 0.102182, 0.103075, 0.103954, 0.104819, 0.105669, 0.106507, 0.107329, 0.108138, 0.10893, 0.109711, 0.110475, 0.111226, 0.111962, 0.112683, 0.113389, 0.114081, 0.114758, 0.11542, 0.116073, 0.1167, 0.117322, 0.117924, 0.118512, 0.11904, 0.11964, 0.120139, 0.120713, 0.121174, 0.121731, 0.121936
0.000196574, -0.00170323, 0.00144215, -0.00127342, 0.00117028, 0.00657143, 0.00977197, 0.0122276, 0.0144733, 0.0163559, 0.0182737, 0.0198832, 0.0216793, 0.0230974, 0.0247217, 0.026234, 0.0276848, 0.029189, 0.0305716, 0.0319977, 0.0333179, 0.0348213, 0.0360201, 0.037514, 0.038813, 0.0401018, 0.0414293, 0.0427802, 0.0441051, 0.0453475, 0.0465896, 0.0478417, 0.0491211, 0.0504426, 0.0516927, 0.0529311, 0.0541646, 0.0553216, 0.0564538, 0.0576327, 0.0588037, 0.0599822, 0.0611559, 0.0623139, 0.063508, 0.0646668, 0.0657826, 0.0668907, 0.0682604, 0.0691155, 0.0701756, 0.0713211, 0.0718468, 0.0763068, 0.0736936, 0.075451, 0.076287, 0.0772977, 0.0782391, 0.0792137, 0.0801176, 0.081006, 0.0818991, 0.0827772, 0.0836457, 0.0845029, 0.0853492, 0.0861843, 0.0870082, 0.0878208, 0.088622, 0.0894117, 0.0901899, 0.0909564, 0.0917124, 0.0924549, 0.0931864, 0.0939055, 0.0946148, 0.0953091, 0.0959929, 0.0966637, 0.0973227, 0.0979694, 0.0986039, 0.0992262, 0.099836, 0.100434, 0.101012, 0.10159, 0.102146, 0.102694, 0.103229, 0.103797, 0.104264, 0.104807, 0.105246, 0.105771, 0.106171, 0.106432
0.000162933, -0.00141174, 0.00119535, -0.00105549, 0.000970098, 0.00520803, 0.00783989, 0.00977072, 0.0115612, 0.0130818, 0.0146026, 0.015897, 0.017297, 0.018435, 0.019679, 0.0208808, 0.0219508, 0.0231108, 0.0241407, 0.0251659, 0.0262801, 0.0270534, 0.0282866, 0.0290948, 0.0300505, 0.0310449, 0.0319587, 0.032799, 0.033644, 0.0345688, 0.0355015, 0.0363976, 0.0372268, 0.0379705, 0.0387784, 0.0395622, 0.0403584, 0.0412487, 0.0421494, 0.0429637, 0.0437825, 0.04457, 0.0453205, 0.0460803, 0.0467593, 0.0474861, 0.0481789, 0.0489946, 0.0492931, 0.0503983, 0.0510676, 0.0517274, 0.0529405, 0.0504032, 0.054571, 0.0545559, 0.0554203, 0.056067, 0.0567953, 0.0574494, 0.0581901, 0.0588419, 0.0594689, 0.060092, 0.0607053, 0.061311, 0.0619071, 0.0624948, 0.0630736, 0.0636436, 0.0642047, 0.0647567, 0.0652997, 0.0658336, 0.066357, 0.0668731, 0.067379, 0.0678761, 0.0683616, 0.0688395, 0.0693083, 0.0697674, 0.0702173, 0.0706573, 0.0710879, 0.0715088, 0.0719202, 0.0723217, 0.0727212, 0.0730977, 0.0734752, 0.0738378, 0.0741914, 0.074487, 0.074867, 0.0751437, 0.0755081, 0.075757, 0.0761161, 0.0762198
0.000117198, -0.00101547, 0.000859818, -0.00075922, 0.000697666, 0.00405486, 0.00599007, 0.007521, 0.00892926, 0.0100834, 0.0113032, 0.0122976, 0.0134577, 0.0143412, 0.0154076, 0.0163686, 0.0173727, 0.0183106, 0.0192792, 0.0202443, 0.0210452, 0.0223443, 0.0228279, 0.0240421, 0.0249766, 0.0258217, 0.0267158, 0.0277221, 0.0287311, 0.0295977, 0.0304261, 0.0312638, 0.0321574, 0.0331951, 0.0341324, 0.0350412, 0.0359904, 0.0367456, 0.0375084, 0.0383045, 0.0391058, 0.0399354, 0.0407878, 0.0416225, 0.0425478, 0.0433983, 0.044286, 0.0450356, 0.0462857, 0.0467031, 0.0474793, 0.0483341, 0.0485196, 0.0528588, 0.0497326, 0.051226, 0.0517445, 0.0524595, 0.0530907, 0.053775, 0.0543889, 0.0549934, 0.0556159, 0.0562247, 0.0568287, 0.0574246, 0.0580145, 0.058597, 0.0591725, 0.0597409, 0.0603021, 0.0608561, 0.061402, 0.0619415, 0.0624747, 0.0629985, 0.0635153, 0.0640247, 0.0645285, 0.0650231, 0.0655095, 0.0659885, 0.0664593, 0.0669229, 0.0673785, 0.0678264, 0.0682664, 0.0686987, 0.0691148, 0.0695377, 0.069941, 0.070342, 0.0707344, 0.0711726, 0.0714981, 0.0719198, 0.0722254, 0.0726405, 0.0729144, 0.0731264
9.668e-05, -0.000837689, 0.000709286, -0.0006263, 0.000575705, 0.00290995, 0.00446018, 0.00553106, 0.00653273, 0.00740054, 0.00824202, 0.00896308, 0.0097219, 0.0103368, 0.0109968, 0.0115891, 0.0121265, 0.0126813, 0.0131764, 0.0136102, 0.0142939, 0.0142117, 0.0152386, 0.0153267, 0.0156685, 0.0161333, 0.0165947, 0.0168245, 0.017025, 0.0173859, 0.0178195, 0.018249, 0.0185773, 0.0187031, 0.0189171, 0.0191458, 0.0193169, 0.0197881, 0.0201662, 0.0205326, 0.0208949, 0.0212062, 0.0214565, 0.0217167, 0.0218383, 0.0220431, 0.0221783, 0.0224836, 0.0221855, 0.0228624, 0.0230789, 0.0232346, 0.024146, 0.0202145, 0.0249721, 0.0243307, 0.0248298, 0.0250644, 0.0254079, 0.0256647, 0.0259997, 0.0263178, 0.0265977, 0.0268501, 0.0271045, 0.0273531, 0.0275965, 0.0278354, 0.0280695, 0.0282989, 0.0285234, 0.0287431, 0.0289586, 0.0291683, 0.0293716, 0.0295723, 0.0297674, 0.0299573, 0.0301398, 0.0303193, 0.0304942, 0.0306637, 0.0308287, 0.0309878, 0.0311423, 0.0312913, 0.0314354, 0.031574, 0.0317173, 0.0318389, 0.0319678, 0.032086, 0.032199, 0.032245, 0.032407, 0.0324434, 0.0325999, 0.0326151, 0.0327795, 0.0327677
4.74584e-05, -0.000411206, 0.000348176, -0.000307439, 0.00028234, 0.00205714, 0.00290079, 0.00375375, 0.00442287, 0.00508366, 0.0056603, 0.00630128, 0.00684045, 0.00750794, 0.00804304, 0.00871767, 0.0093107, 0.0099949, 0.0106159, 0.0113714, 0.0117429, 0.0130924, 0.013049, 0.0141268, 0.0149429, 0.0155714, 0.0161202, 0.0169891, 0.0179384, 0.0186753, 0.0192714, 0.0198318, 0.0205067, 0.0214647, 0.0223278, 0.0231414, 0.0240688, 0.0245636, 0.0251568, 0.0257432, 0.0262437, 0.0269331, 0.0276275, 0.0283137, 0.0291911, 0.0299545, 0.0308052, 0.0314499, 0.0327806, 0.0329781, 0.0336264, 0.0344113, 0.0342302, 0.0399368, 0.0350491, 0.036719, 0.0369889, 0.0375774, 0.0380125, 0.038545, 0.0389708, 0.0394213, 0.0398791, 0.0403492, 0.0408109, 0.0412692, 0.0417246, 0.0421756, 0.0426228, 0.043066, 0.0435051, 0.0439403, 0.0443704, 0.0447976, 0.0452222, 0.04564, 0.0460542, 0.0464644, 0.0468733, 0.0472754, 0.0476726, 0.0480658, 0.048454, 0.0488387, 0.0492184, 0.0495941, 0.0499651, 0.050332, 0.0506825, 0.0510486, 0.051395, 0.0517437, 0.0520878, 0.0525028, 0.0527655, 0.0531705, 0.0534184, 0.0538274, 0.0540439, 0.0542612
5.31936e-05, -0.000460899, 0.000390251, -0.000344592, 0.000316948, 0.00113743, 0.00192203, 0.00224445, 0.00267065, 0.0029269, 0.00326405, 0.00339887, 0.00365615, 0.00367496, 0.00387489, 0.0037878, 0.00391571, 0.00373694, 0.00378261, 0.00347637, 0.0038168, 0.00274466, 0.00350066, 0.00287963, 0.00245765, 0.00228831, 0.0023028, 0.00188439, 0.00126463, 0.000911233, 0.000766664, 0.000719928, 0.000527166, -7.59247e-05, -0.000606405, -0.00109255, -0.00172748, -0.00179665, -0.00196346, -0.0021122, -0.00214017, -0.00240918, -0.00271114, -0.00302649, -0.00360519, -0.00406042, -0.00462223, -0.00496248, -0.0061551, -0.0059161, -0.0062357, -0.00674273, -0.00600726, -0.0127825, -0.00604632, -0.00767568, -0.00751551, -0.00776859, -0.00782984, -0.00802029, -0.00808965, -0.008176, -0.00829452, -0.00845358, -0.00860248, -0.00875502, -0.00890877, -0.00906412, -0.00922063, -0.00937846, -0.00953756, -0.00969801, -0.00985851, -0.0100218, -0.0101885, -0.010353, -0.0105196, -0.0106878, -0.010861, -0.0110323, -0.0112041, -0.0113776, -0.0115516, -0.0117279, -0.0119048, -0.0120835, -0.0122631, -0.0124442, -0.0126116, -0.0128047, -0.013299, -0.0132438, -0.0136483, -0.0133602, -0.0140121, -0.0137337, -0.0144248, -0.0140645, -0.0149005, -0.014611
-1.20617e-05, 0.000104509, -8.84895e-05, 7.81367e-05, -7.22241e-05, 0.000594652, 0.000582045, 0.00102036, 0.00118187, 0.0015419, 0.00173957, 0.0021997, 0.00246668, 0.00306022, 0.00334084, 0.00409574, 0.00438734, 0.00532446, 0.00569393, 0.00679092, 0.00678177, 0.00881683, 0.00840511, 0.00967987, 0.010844, 0.0116776, 0.0121456, 0.0131734, 0.0145737, 0.0156521, 0.0163992, 0.0169608, 0.0176565, 0.0189506, 0.020205, 0.0213915, 0.0228381, 0.0234595, 0.0242007, 0.024865, 0.0253502, 0.0261404, 0.0269938, 0.0278461, 0.0291301, 0.0302254, 0.0314856, 0.0324512, 0.0345359, 0.0347191, 0.0356092, 0.0367768, 0.0362545, 0.045705, 0.0371839, 0.039769, 0.0399615, 0.040704, 0.041181, 0.0418203, 0.0422961, 0.0427881, 0.043327, 0.0438933, 0.044449, 0.0450036, 0.0455567, 0.0461078, 0.0466566, 0.0472031, 0.0477474, 0.0482895, 0.0488276, 0.0493654, 0.0499036, 0.0504347, 0.0509646, 0.0514923, 0.0520225, 0.052546, 0.0530659, 0.0535839, 0.0540982, 0.0546113, 0.055121, 0.0556285, 0.0561331, 0.0566353, 0.0571149, 0.0576244, 0.0585315, 0.0587008, 0.0594793, 0.0593284, 0.0604287, 0.0602821, 0.0614259, 0.061161, 0.0624896, 0.0622066
2.03432e-05, -0.000176265, 0.000149246, -0.000131785, 0.000121658, -0.000630928, -0.000578095, -0.00112758, -0.00135197, -0.00182998, -0.00212113, -0.00277067, -0.00316007, -0.00403975, -0.00443735, -0.00556909, -0.00592906, -0.00742962, -0.00785775, -0.00958667, -0.00955842, -0.0124788, -0.0120836, -0.0138227, -0.0155624, -0.0169155, -0.0176347, -0.0190633, -0.0211368, -0.0228371, -0.0240409, -0.0249023, -0.0258883, -0.0277369, -0.029612, -0.0314455, -0.0336505, -0.0346862, -0.0358495, -0.0368597, -0.0375979, -0.038714, -0.040044, -0.0412195, -0.0431252, -0.0447868, -0.0467012, -0.0482209, -0.0513006, -0.0517411, -0.0531582, -0.0549508, -0.0543876, -0.0676498, -0.0559617, -0.0596676, -0.0600427, -0.0611688, -0.0619139, -0.062874, -0.0635983, -0.0643358, -0.065134, -0.0659721, -0.0668198, -0.0676587, -0.0684978, -0.0693333, -0.0701659, -0.0709953, -0.0718216, -0.0726448, -0.0734624, -0.0742796, -0.0750973, -0.0759053, -0.0767114, -0.0775145, -0.0783212, -0.0791185, -0.0799106, -0.0807002, -0.0814846, -0.0822673, -0.0830451, -0.08382, -0.0845907, -0.0853581, -0.0860941, -0.0868714, -0.0882006, -0.0885058, -0.0896563, -0.0895171, -0.091114, -0.0909805, -0.0926378, -0.0923399, -0.0942535, -0.0938956
-4.87815e-06, 4.2267e-05, -3.57882e-05, 3.16011e-05, -2.91482e-05, 9.26332e-05, 7.91915e-05, 0.000181697, 0.000246326, 0.000342407, 0.000428247, 0.000575033, 0.000679534, 0.000903047, 0.00101041, 0.00129415, 0.00138383, 0.00180657, 0.00188239, 0.00236167, 0.00238828, 0.00305658, 0.00311942, 0.00348319, 0.00392977, 0.00435719, 0.00458461, 0.00490389, 0.0054342, 0.0059417, 0.00632856, 0.00658834, 0.00683064, 0.00726895, 0.00776463, 0.00829897, 0.00893897, 0.00931575, 0.00970249, 0.0100243, 0.0102514, 0.0105293, 0.0108296, 0.0110849, 0.0114889, 0.0118465, 0.0122658, 0.0126028, 0.0132958, 0.0134027, 0.0137339, 0.0141529, 0.0140478, 0.0170418, 0.0144496, 0.0153069, 0.0154183, 0.0156995, 0.015895, 0.0161393, 0.0163307, 0.0165248, 0.0167331, 0.0169498, 0.0171686, 0.0173855, 0.0176023, 0.0178182, 0.0180334, 0.0182479, 0.0184616, 0.0186746, 0.0188862, 0.0190977, 0.0193093, 0.0195186, 0.0197274, 0.0199354, 0.0201442, 0.0203509, 0.0205563, 0.020761, 0.0209645, 0.0211676, 0.0213695, 0.0215706, 0.0217707, 0.0219701, 0.0221622, 0.0223636, 0.0226885, 0.0227839, 0.0230686, 0.0230644, 0.0234488, 0.0234457, 0.0238435, 0.0238033, 0.0242583, 0.0241913
