x_degree: 2
y_degree: 2
num_x_ctrl_points: 100
num_y_ctrl_points: 100
x_knots: 0.02, 0.02, 0.02, 0.03, 0.04, 0.05, 0.06, 0.07, 0.08, 0.09, 0.1, 0.11, 0.12, 0.13, 0.14, 0.15, 0.16, 0.17, 0.18, 0.19, 0.2, 0.21, 0.22, 0.23, 0.24, 0.25, 0.26, 0.27, 0.28, 0.29, 0.3, 0.31, 0.32, 0.33, 0.34, 0.35, 0.36, 0.37, 0.38, 0.39, 0.4, 0.41, 0.42, 0.43, 0.44, 0.45, 0.46, 0.47, 0.48, 0.49, 0.5, 0.51, 0.52, 0.53, 0.54, 0.55, 0.56, 0.57, 0.58, 0.59, 0.6, 0.61, 0.62, 0.63, 0.64, 0.65, 0.66, 0.67, 0.68, 0.69, 0.7, 0.71, 0.72, 0.73, 0.74, 0.75, 0.76, 0.77, 0.78, 0.79, 0.8, 0.81, 0.82, 0.83, 0.84, 0.85, 0.86, 0.87, 0.88, 0.89, 0.9, 0.91, 0.92, 0.93, 0.94, 0.95, 0.96, 0.97, 0.98, 0.99
y_knots: 0.2, 0.2, 0.2, 0.218367, 0.236735, 0.255102, 0.273469, 0.291837, 0.310204, 0.328571, 0.346939, 0.365306, 0.383673, 0.402041, 0.420408, 0.438776, 0.457143, 0.47551, 0.493878, 0.512245, 0.530612, 0.54898, 0.567347, 0.585714, 0.604082, 0.622449, 0.640816, 0.659184, 0.677551, 0.695918, 0.714286, 0.732653, 0.75102, 0.769388, 0.787755, 0.806122, 0.82449, 0.842857, 0.861224, 0.879592, 0.897959, 0.916327, 0.934694, 0.953061, 0.971429, 0.989796, 1.00816, 1.02653, 1.0449, 1.06327, 1.08163, 1.1, 1.11837, 1.13673, 1.1551, 1.17347, 1.19184, 1.2102, 1.22857, 1.24694, 1.26531, 1.28367, 1.30204, 1.32041, 1.33878, 1.35714, 1.37551, 1.39388, 1.41224, 1.43061, 1.44898, 1.46735, 1.48571, 1.50408, 1.52245, 1.54082, 1.55918, 1.57755, 1.59592, 1.61429, 1.63265, 1.65102, 1.66939, 1.68776, 1.70612, 1.72449, 1.74286, 1.76122, 1.77959, 1.79796, 1.81633, 1.83469, 1.85306, 1.87143, 1.8898, 1.90816, 1.92653, 1.9449, 1.96327, 1.98163
coefficients: 
9.82197, -85.103, 72.0582, -63.6275, 58.6111, -0.721554, 24.485, 25.6319, 15.2076, 28.1585, 21.1582, 25.8991, 26.6612, 26.9936, 29.1249, 29.5719, 31.1897, 32.1183, 33.3159, 34.4338, 35.5072, 36.6669, 37.7296, 38.8404, 39.9254, 41.003, 42.0749, 43.1366, 44.1896, 45.2335, 46.268, 47.2928, 48.3082, 49.3122, 50.3095, 51.2947, 52.2637, 53.2404, 54.1904, 55.1303, 56.0585, 56.9748, 57.8791, 58.7711, 59.6507, 60.5176, 61.3717, 62.2129, 63.0409, 63.8556, 64.6569, 65.4445, 66.2183, 66.9782, 67.724, 68.4557, 69.1731, 69.876, 70.5643, 71.238, 71.8969, 72.5409, 73.17, 73.784, 74.3829, 74.9666, 75.5349, 76.0894, 76.6265, 77.1489, 77.6554, 78.1465, 78.622, 79.0818, 79.526, 79.9547, 80.3629, 80.7623, 81.1424, 81.5088, 81.8584, 82.1929, 82.5114, 82.8148, 83.0713, 83.3634, 83.6078, 83.8648, 84.0777, 84.297, 84.4836, 84.6694, 84.8273, 84.9815, 85.1098, 85.2339, 85.3318, 85.4272, 85.4939, 85.5282
-0.929401, 8.05285, -6.81849, 6.02085, -5.65904, 270.545, 175.642, 188.028, 251.995, 211.511, 260.047, 256.087, 269.825, 285.41, 292.887, 307.807, 317.418, 330.021, 341.334, 352.91, 364.588, 375.78, 387.3, 398.498, 409.699, 420.816, 431.84, 442.786, 453.644, 464.412, 475.087, 485.668, 496.15, 506.537, 516.807, 526.979, 537.069, 546.966, 556.822, 566.558, 576.18, 585.684, 595.069, 604.333, 613.473, 622.489, 631.377, 640.137, 648.767, 657.264, 665.628, 673.856, 681.948, 689.901, 697.714, 705.387, 712.916, 720.302, 727.544, 734.639, 741.586, 748.386, 755.036, 761.536, 767.884, 774.081, 780.125, 786.009, 791.748, 797.328, 802.754, 808.024, 813.138, 818.095, 822.894, 827.536, 832.041, 836.357, 840.532, 844.539, 848.393, 852.086, 855.623, 858.999, 862.358, 865.329, 868.288, 870.964, 873.611, 876.004, 878.32, 880.416, 882.413, 884.205, 885.893, 887.379, 888.764, 889.943, 891.035, 891.469
5.95721, -51.6165, 43.7046, -38.5913, 35.5059, 102.101, 189.537, 200.012, 173.297, 221.721, 205.971, 227.95, 237.102, 244.846, 258.352, 266.412, 278.212, 287.765, 298.153, 308.253, 318.178, 328.345, 338.165, 348.103, 357.92, 367.674, 377.369, 386.989, 396.537, 406.011, 415.41, 424.729, 433.97, 443.125, 452.208, 461.199, 470.085, 478.941, 487.656, 496.282, 504.812, 513.246, 521.58, 529.814, 537.946, 545.975, 553.898, 561.714, 569.423, 577.021, 584.509, 591.884, 599.145, 606.291, 613.321, 620.233, 627.027, 633.701, 640.254, 646.685, 652.993, 659.177, 665.237, 671.17, 676.978, 682.658, 688.209, 693.637, 698.93, 704.094, 709.127, 714.03, 718.8, 723.439, 727.946, 732.32, 736.546, 740.66, 744.63, 748.473, 752.178, 755.751, 759.19, 762.496, 765.568, 768.67, 771.536, 774.358, 776.955, 779.489, 781.835, 784.094, 786.181, 788.173, 789.999, 791.729, 793.292, 794.765, 796.064, 796.676
3.15589, -27.3444, 23.153, -20.4441, 18.8049, 65.2103, 111.666, 126.693, 162.725, 142.252, 169.989, 169.283, 178.167, 188.048, 193.532, 203.047, 209.681, 217.934, 225.484, 233.174, 240.916, 248.391, 256.041, 263.512, 270.98, 278.4, 285.765, 293.082, 300.348, 307.561, 314.718, 321.82, 328.862, 335.848, 342.765, 349.623, 356.431, 363.128, 369.797, 376.395, 382.924, 389.383, 395.77, 402.085, 408.326, 414.492, 420.581, 426.593, 432.527, 438.381, 444.154, 449.846, 455.455, 460.981, 466.422, 471.777, 477.047, 482.229, 487.323, 492.328, 497.244, 502.069, 506.804, 511.447, 515.997, 520.455, 524.819, 529.086, 533.263, 537.343, 541.328, 545.217, 549.01, 552.707, 556.306, 559.807, 563.223, 566.524, 569.736, 572.845, 575.858, 578.771, 581.586, 584.301, 586.994, 589.464, 591.913, 594.196, 596.449, 598.552, 600.598, 602.511, 604.357, 606.078, 607.728, 609.254, 610.711, 612.042, 613.311, 613.878
0.454926, -3.94173, 3.33753, -2.94703, 2.69246, 53.1994, 64.6717, 94.7269, 97.7723, 126.088, 116.548, 129.308, 134.486, 138.834, 146.59, 151.13, 157.883, 163.311, 169.237, 174.995, 180.654, 186.461, 192.066, 197.745, 203.357, 208.937, 214.486, 219.995, 225.468, 230.902, 236.296, 241.649, 246.961, 252.228, 257.458, 262.64, 267.765, 272.88, 277.916, 282.906, 287.846, 292.735, 297.573, 302.357, 307.088, 311.764, 316.385, 320.95, 325.458, 329.908, 334.3, 338.632, 342.904, 347.116, 351.266, 355.353, 359.378, 363.34, 367.237, 371.07, 374.838, 378.54, 382.175, 385.744, 389.246, 392.679, 396.045, 399.345, 402.572, 405.731, 408.819, 411.838, 414.787, 417.664, 420.471, 423.207, 425.863, 428.46, 430.978, 433.428, 435.804, 438.11, 440.342, 442.503, 444.532, 446.586, 448.506, 450.408, 452.183, 453.927, 455.565, 457.16, 458.658, 460.106, 461.461, 462.766, 463.978, 465.142, 466.209, 466.723
1.45561, -12.6122, 10.679, -9.42955, 8.67302, 31.2707, 52.818, 60.0423, 77.3526, 80.7209, 98.0071, 96.9956, 102.175, 107.999, 110.989, 116.582, 120.321, 125.105, 129.444, 133.875, 138.343, 142.644, 147.062, 151.369, 155.679, 159.964, 164.217, 168.446, 172.648, 176.82, 180.962, 185.075, 189.155, 193.206, 197.218, 201.199, 205.155, 209.045, 212.925, 216.766, 220.569, 224.335, 228.062, 231.75, 235.398, 239.005, 242.571, 246.095, 249.576, 253.014, 256.409, 259.759, 263.065, 266.325, 269.539, 272.707, 275.828, 278.902, 281.927, 284.905, 287.833, 290.713, 293.543, 296.323, 299.052, 301.731, 304.359, 306.933, 309.459, 311.932, 314.352, 316.721, 319.036, 321.299, 323.508, 325.664, 327.774, 329.819, 331.816, 333.756, 335.643, 337.476, 339.254, 340.978, 342.696, 344.279, 345.859, 347.34, 348.811, 350.194, 351.549, 352.828, 354.072, 355.244, 356.379, 357.444, 358.472, 359.427, 360.351, 360.773
0.634256, -5.49555, 4.65318, -4.10876, 3.77398, 25.9306, 36.6694, 47.5941, 54.3412, 63.6692, 68.6197, 77.7287, 80.76, 83.2133, 88.0723, 90.666, 94.8226, 98.05, 101.628, 105.094, 108.494, 112.002, 115.372, 118.798, 122.181, 125.546, 128.895, 132.22, 135.525, 138.807, 142.067, 145.303, 148.516, 151.703, 154.87, 158.009, 161.114, 164.217, 167.273, 170.302, 173.302, 176.273, 179.215, 182.127, 185.008, 187.857, 190.675, 193.461, 196.214, 198.934, 201.621, 204.273, 206.891, 209.474, 212.022, 214.534, 217.011, 219.45, 221.853, 224.219, 226.547, 228.838, 231.09, 233.304, 235.48, 237.616, 239.713, 241.772, 243.789, 245.767, 247.704, 249.601, 251.458, 253.273, 255.048, 256.781, 258.467, 260.121, 261.729, 263.297, 264.823, 266.307, 267.749, 269.15, 270.467, 271.81, 273.068, 274.323, 275.496, 276.657, 277.752, 278.825, 279.839, 280.826, 281.757, 282.661, 283.508, 284.33, 285.092, 285.463
0.611356, -5.29713, 4.48517, -3.96041, 3.6401, 19.27, 28.9612, 35.9703, 42.6572, 48.1028, 53.9345, 58.5282, 64.0424, 67.8767, 69.5369, 73.21, 75.4538, 78.5083, 81.2219, 84.0096, 86.8299, 89.5244, 92.3133, 95.0208, 97.7351, 100.433, 103.113, 105.777, 108.425, 111.056, 113.669, 116.263, 118.839, 121.396, 123.93, 126.445, 128.946, 131.404, 133.858, 136.289, 138.698, 141.083, 143.446, 145.784, 148.099, 150.389, 152.654, 154.894, 157.109, 159.297, 161.459, 163.594, 165.702, 167.782, 169.835, 171.86, 173.857, 175.824, 177.763, 179.673, 181.553, 183.403, 185.224, 187.014, 188.774, 190.503, 192.201, 193.866, 195.502, 197.106, 198.678, 200.219, 201.727, 203.204, 204.648, 206.059, 207.444, 208.788, 210.103, 211.384, 212.632, 213.847, 215.029, 216.178, 217.331, 218.389, 219.452, 220.449, 221.447, 222.385, 223.312, 224.187, 225.045, 225.855, 226.646, 227.391, 228.117, 228.794, 229.456, 229.761
0.460976, -3.99415, 3.38192, -2.98624, 2.74436, 15.3971, 22.8102, 28.5951, 33.6858, 38.1662, 42.5318, 46.4652, 50.4788, 54.0355, 57.4455, 58.9547, 61.7901, 63.8414, 66.1929, 68.453, 70.6601, 72.9624, 75.1516, 77.3928, 79.6017, 81.7991, 83.9868, 86.1597, 88.3193, 90.4651, 92.5967, 94.7134, 96.8156, 98.9009, 100.975, 103.03, 105.063, 107.101, 109.103, 111.089, 113.058, 115.008, 116.939, 118.851, 120.744, 122.617, 124.47, 126.303, 128.116, 129.907, 131.677, 133.426, 135.153, 136.858, 138.541, 140.201, 141.838, 143.453, 145.044, 146.612, 148.156, 149.676, 151.172, 152.643, 154.091, 155.513, 156.911, 158.285, 159.632, 160.954, 162.251, 163.522, 164.767, 165.987, 167.18, 168.348, 169.484, 170.601, 171.688, 172.751, 173.786, 174.796, 175.778, 176.735, 177.629, 178.554, 179.417, 180.284, 181.093, 181.899, 182.659, 183.408, 184.117, 184.812, 185.467, 186.109, 186.711, 187.301, 187.848, 188.118
0.383214, -3.32038, 2.81143, -2.48249, 2.28158, 12.4041, 18.514, 23.065, 27.3245, 30.817, 34.4654, 37.4661, 40.935, 43.535, 46.7061, 49.3793, 50.7457, 52.8691, 54.6785, 56.56, 58.4754, 60.2773, 62.1709, 63.9926, 65.8247, 67.6461, 69.4542, 71.2533, 73.0413, 74.8179, 76.5828, 78.3359, 80.0763, 81.8055, 83.5177, 85.2183, 86.9117, 88.57, 90.2318, 91.8775, 93.5086, 95.1248, 96.7257, 98.3111, 99.8807, 101.434, 102.971, 104.492, 105.996, 107.483, 108.952, 110.404, 111.838, 113.254, 114.652, 116.032, 117.392, 118.735, 120.058, 121.362, 122.646, 123.911, 125.156, 126.382, 127.587, 128.772, 129.937, 131.082, 132.206, 133.309, 134.391, 135.452, 136.493, 137.512, 138.51, 139.486, 140.446, 141.378, 142.291, 143.181, 144.05, 144.897, 145.722, 146.525, 147.342, 148.079, 148.83, 149.528, 150.236, 150.897, 151.556, 152.177, 152.791, 153.369, 153.938, 154.473, 154.999, 155.489, 155.974, 156.196
0.315658, -2.73504, 2.31581, -2.04486, 1.87937, 10.2133, 15.2464, 19.0034, 22.4832, 25.4007, 28.3509, 30.8666, 33.6462, 35.883, 38.3703, 40.7769, 42.907, 44.2544, 45.9121, 47.4795, 48.996, 50.6138, 52.1196, 53.6824, 55.2164, 56.7428, 58.2637, 59.774, 61.2753, 62.7672, 64.2496, 65.7218, 67.1843, 68.635, 70.0792, 71.5106, 72.9244, 74.3487, 75.7432, 77.1273, 78.4991, 79.8585, 81.2052, 82.5391, 83.8598, 85.1672, 86.461, 87.7412, 89.0073, 90.2593, 91.4969, 92.72, 93.9283, 95.1217, 96.2999, 97.4629, 98.6105, 99.7424, 100.859, 101.959, 103.043, 104.111, 105.162, 106.197, 107.216, 108.218, 109.202, 110.17, 111.121, 112.054, 112.97, 113.869, 114.75, 115.614, 116.46, 117.288, 118.099, 118.892, 119.666, 120.423, 121.162, 121.882, 122.585, 123.27, 123.9, 124.572, 125.188, 125.81, 126.396, 126.977, 127.529, 128.071, 128.588, 129.094, 129.575, 130.044, 130.488, 130.922, 131.329, 131.529
0.265507, -2.3005, 1.94788, -1.71998, 1.5808, 8.53074, 12.7511, 15.8761, 18.794, 21.2165, 23.7205, 25.7561, 28.1439, 29.9155, 32.1264, 33.9555, 36.0257, 37.6175, 38.8756, 40.2181, 41.6022, 42.8622, 44.2293, 45.5194, 46.8254, 48.1236, 49.4113, 50.6934, 51.9678, 53.2341, 54.4924, 55.7425, 56.9834, 58.2172, 59.4374, 60.6503, 61.8607, 63.0377, 64.2245, 65.3995, 66.5644, 67.7189, 68.8627, 69.9957, 71.1177, 72.2285, 73.3279, 74.4157, 75.4919, 76.5561, 77.6082, 78.6481, 79.6757, 80.6907, 81.693, 82.6824, 83.6589, 84.6222, 85.5723, 86.509, 87.4321, 88.3417, 89.2374, 90.1193, 90.9873, 91.8411, 92.6807, 93.5061, 94.317, 95.1135, 95.8955, 96.6628, 97.4154, 98.1532, 98.8762, 99.5843, 100.277, 100.955, 101.619, 102.266, 102.899, 103.517, 104.119, 104.706, 105.316, 105.847, 106.403, 106.918, 107.437, 107.926, 108.411, 108.871, 109.324, 109.755, 110.177, 110.577, 110.969, 111.338, 111.7, 111.869
0.221329, -1.91772, 1.62377, -1.43379, 1.31772, 7.23923, 10.7745, 13.4524, 15.8888, 17.9668, 20.0501, 21.8277, 23.7655, 25.3587, 27.0917, 28.8366, 30.3012, 32.1032, 33.3328, 34.4686, 35.5447, 36.7498, 37.8203, 38.9655, 40.079, 41.1876, 42.2938, 43.3916, 44.4829, 45.5677, 46.6455, 47.7163, 48.7797, 49.8359, 50.8837, 51.9262, 52.9525, 53.9977, 55.0121, 56.0201, 57.0191, 58.0093, 58.9905, 59.9624, 60.9251, 61.8781, 62.8215, 63.7552, 64.6788, 65.5923, 66.4956, 67.3885, 68.2708, 69.1425, 70.0033, 70.8533, 71.6922, 72.52, 73.3365, 74.1416, 74.9353, 75.7173, 76.4876, 77.2462, 77.9928, 78.7275, 79.4501, 80.1606, 80.8588, 81.5447, 82.2183, 82.8794, 83.528, 84.164, 84.7874, 85.3982, 85.9962, 86.5814, 87.1536, 87.7132, 88.2598, 88.7936, 89.3143, 89.8226, 90.273, 90.7841, 91.2359, 91.7035, 92.137, 92.5733, 92.9839, 93.3921, 93.778, 94.1592, 94.5195, 94.8746, 95.2086, 95.5385, 95.8454, 95.9984
0.190836, -1.65351, 1.40005, -1.23625, 1.13619, 6.18525, 9.22437, 11.4982, 13.6022, 15.3525, 17.1635, 18.6515, 20.3475, 21.6496, 23.2068, 24.5855, 26.0064, 27.2933, 28.763, 29.752, 30.8114, 31.7061, 32.75, 33.6935, 34.6628, 35.6259, 36.5792, 37.5296, 38.4743, 39.4131, 40.346, 41.2729, 42.1935, 43.1077, 44.0153, 44.9162, 45.8103, 46.6973, 47.5772, 48.4497, 49.3148, 50.1722, 51.0219, 51.8637, 52.6975, 53.5231, 54.3404, 55.1492, 55.9496, 56.7412, 57.524, 58.2979, 59.0628, 59.8185, 60.565, 61.302, 62.0296, 62.7477, 63.456, 64.1546, 64.8433, 65.5221, 66.1908, 66.8493, 67.4977, 68.1358, 68.7635, 69.3808, 69.9876, 70.5838, 71.1694, 71.7443, 72.3085, 72.8619, 73.4044, 73.936, 74.4567, 74.9664, 75.4653, 75.9529, 76.4295, 76.8949, 77.3493, 77.7925, 78.2249, 78.6455, 79.0508, 79.4523, 79.8368, 80.2149, 80.5779, 80.9329, 81.2739, 81.6062, 81.9249, 82.2349, 82.5312, 82.819, 83.0927, 83.2258
0.164808, -1.42799, 1.20911, -1.06764, 0.981233, 5.34133, 7.96385, 9.9289, 11.7371, 13.2616, 14.8041, 16.1131, 17.5488, 18.7068, 19.9963, 21.2576, 22.3732, 23.6578, 24.651, 25.9689, 26.725, 27.6855, 28.4503, 29.3298, 30.1667, 31.0007, 31.8356, 32.6626, 33.485, 34.3026, 35.1149, 35.9221, 36.7238, 37.52, 38.3105, 39.0952, 39.874, 40.6466, 41.4131, 42.1732, 42.9269, 43.674, 44.4143, 45.1479, 45.8745, 46.594, 47.3063, 48.0114, 48.709, 49.3991, 50.0816, 50.7564, 51.4233, 52.0824, 52.7333, 53.3763, 54.0109, 54.6374, 55.2554, 55.8649, 56.466, 57.0584, 57.6421, 58.217, 58.7832, 59.3404, 59.8886, 60.4278, 60.9579, 61.4789, 61.9906, 62.4931, 62.9864, 63.4702, 63.9447, 64.4097, 64.8652, 65.3113, 65.7476, 66.1747, 66.592, 66.9997, 67.3978, 67.7863, 68.1646, 68.5339, 68.8988, 69.2445, 69.5878, 69.9154, 70.2381, 70.5471, 70.8498, 71.1397, 71.4229, 71.6934, 71.9574, 72.2083, 72.4534, 72.5689
0.143548, -1.24378, 1.05313, -0.929914, 0.854654, 4.64899, 6.93345, 8.64094, 10.2193, 11.5381, 12.8864, 14.0158, 15.2818, 16.2662, 17.4153, 18.4668, 19.5038, 20.516, 21.5513, 22.4179, 23.5672, 24.1715, 25.0276, 25.7253, 26.4689, 27.2068, 27.9335, 28.6602, 29.3824, 30.1001, 30.8133, 31.522, 32.226, 32.9251, 33.6193, 34.3084, 34.9923, 35.6709, 36.3441, 37.0118, 37.6738, 38.3301, 38.9805, 39.625, 40.2634, 40.8956, 41.5217, 42.1412, 42.7543, 43.3609, 43.9609, 44.5541, 45.1405, 45.7199, 46.2924, 46.8578, 47.4161, 47.9671, 48.5108, 49.0471, 49.576, 50.0973, 50.6111, 51.1172, 51.6156, 52.1062, 52.589, 53.064, 53.531, 53.99, 54.4409, 54.8838, 55.3186, 55.7453, 56.1637, 56.5739, 56.9758, 57.3694, 57.755, 58.1318, 58.5005, 58.8606, 59.2124, 59.5557, 59.8912, 60.2173, 60.5281, 60.8427, 61.1393, 61.4352, 61.7164, 61.9943, 62.2592, 62.5197, 62.7679, 63.0115, 63.2426, 63.4696, 63.6833, 63.7889
0.125997, -1.09171, 0.92437, -0.81622, 0.750163, 4.07566, 6.07847, 7.57415, 8.95553, 10.1155, 11.2915, 12.2863, 13.3883, 14.264, 15.2516, 16.1957, 17.0662, 18.0089, 18.826, 19.7351, 20.4877, 21.4819, 21.9865, 22.7016, 23.3458, 23.989, 24.6385, 25.2789, 25.9158, 26.5492, 27.1786, 27.804, 28.4252, 29.0422, 29.6548, 30.263, 30.8666, 31.4656, 32.0598, 32.6492, 33.2336, 33.813, 34.3872, 34.9562, 35.5199, 36.0781, 36.6308, 37.1781, 37.7196, 38.2553, 38.7852, 39.3092, 39.8272, 40.3392, 40.8449, 41.3445, 41.8377, 42.3247, 42.8052, 43.2792, 43.7467, 44.2076, 44.6618, 45.1093, 45.5501, 45.984, 46.411, 46.8311, 47.2443, 47.6504, 48.0495, 48.4415, 48.8263, 49.204, 49.5745, 49.9377, 50.2937, 50.6425, 50.9835, 51.3177, 51.6443, 51.9637, 52.2756, 52.5802, 52.8766, 53.1667, 53.4487, 53.7237, 53.9914, 54.251, 54.5037, 54.7484, 54.9862, 55.216, 55.4389, 55.6539, 55.8619, 56.062, 56.2553, 56.3479
0.110563, -0.957976, 0.811136, -0.716233, 0.658259, 3.5994, 5.3589, 6.68534, 7.89816, 8.92386, 9.96055, 10.8347, 11.8093, 12.5782, 13.4557, 14.2754, 15.0579, 15.8636, 16.6233, 17.3611, 18.1348, 18.8113, 19.6366, 20.1317, 20.7204, 21.3024, 21.8675, 22.4373, 23.0033, 23.5656, 24.1245, 24.6798, 25.2315, 25.7795, 26.3236, 26.8637, 27.3999, 27.9319, 28.4597, 28.9833, 29.5025, 30.0172, 30.5273, 31.0329, 31.5337, 32.0298, 32.5211, 33.0071, 33.4884, 33.9646, 34.4356, 34.9014, 35.3618, 35.8169, 36.2667, 36.7109, 37.1496, 37.5826, 38.01, 38.4316, 38.8475, 39.2575, 39.6617, 40.0599, 40.4521, 40.8383, 41.2184, 41.5924, 41.9602, 42.3219, 42.6773, 43.0265, 43.3693, 43.7059, 44.036, 44.3598, 44.6771, 44.988, 45.2925, 45.5904, 45.8819, 46.1668, 46.4452, 46.717, 46.9833, 47.2414, 47.494, 47.7392, 47.9776, 48.2105, 48.4359, 48.6554, 48.8677, 49.074, 49.2732, 49.4664, 49.6524, 49.8325, 50.0054, 50.0889
0.0981854, -0.850733, 0.720331, -0.636052, 0.58457, 3.19335, 4.75502, 5.93054, 7.0063, 7.91577, 8.8349, 9.61071, 10.4726, 11.1569, 11.933, 12.6627, 13.35, 14.0707, 14.7323, 15.4044, 16.0617, 16.7208, 17.3368, 17.97, 18.471, 18.9741, 19.4949, 20.0013, 20.5054, 21.0071, 21.5055, 22.0007, 22.4927, 22.9814, 23.4666, 23.9484, 24.4266, 24.9011, 25.3719, 25.8389, 26.302, 26.7612, 27.2163, 27.6673, 28.1141, 28.5567, 28.9949, 29.4291, 29.8585, 30.2834, 30.7037, 31.1194, 31.5304, 31.9367, 32.338, 32.7345, 33.1261, 33.5128, 33.8944, 34.2709, 34.6422, 35.0084, 35.3694, 35.725, 36.0754, 36.4204, 36.76, 37.0942, 37.4229, 37.7461, 38.0638, 38.3759, 38.6824, 38.9832, 39.2785, 39.568, 39.8518, 40.13, 40.4024, 40.669, 40.9298, 41.1849, 41.4341, 41.6776, 41.9137, 42.1465, 42.3717, 42.5923, 42.8073, 43.015, 43.2181, 43.4143, 43.6055, 43.7901, 43.9696, 44.1425, 44.3103, 44.4715, 44.6278, 44.7025
0.0875963, -0.758983, 0.642644, -0.567455, 0.521525, 2.84773, 4.24012, 5.28796, 6.24735, 7.05659, 7.8772, 8.56719, 9.3354, 9.94449, 10.6376, 11.2874, 11.8982, 12.5415, 13.1269, 13.7323, 14.3049, 14.9137, 15.4283, 16.0613, 16.5352, 17.0104, 17.451, 17.907, 18.3596, 18.8084, 19.2548, 19.6984, 20.1391, 20.5768, 21.0114, 21.4429, 21.8713, 22.2963, 22.7181, 23.1364, 23.5513, 23.9627, 24.3704, 24.7745, 25.1749, 25.5714, 25.9643, 26.3527, 26.7376, 27.1184, 27.4951, 27.8677, 28.236, 28.6001, 28.9602, 29.3156, 29.6667, 30.0133, 30.3554, 30.693, 31.026, 31.3544, 31.6781, 31.9971, 32.3114, 32.6208, 32.9255, 33.2253, 33.5203, 33.8103, 34.0954, 34.3755, 34.6506, 34.9209, 35.1859, 35.4459, 35.7008, 35.9506, 36.1952, 36.4348, 36.6691, 36.8983, 37.1223, 37.3411, 37.5571, 37.764, 37.9683, 38.1655, 38.3569, 38.5455, 38.7269, 38.9047, 39.0759, 39.2431, 39.4039, 39.5607, 39.711, 39.8575, 39.9973, 40.0655
0.0789087, -0.683708, 0.578908, -0.511176, 0.469808, 2.54864, 3.80058, 4.7338, 5.59678, 6.31872, 7.0548, 7.67204, 8.35999, 8.90393, 9.526, 10.1065, 10.6546, 11.2273, 11.7544, 12.2888, 12.813, 13.3395, 13.8338, 14.3369, 14.8859, 15.2689, 15.7067, 16.1132, 16.5187, 16.9234, 17.3252, 17.7245, 18.1211, 18.5151, 18.9064, 19.2949, 19.6805, 20.0632, 20.4429, 20.8195, 21.1931, 21.5634, 21.9306, 22.2945, 22.655, 23.0122, 23.3655, 23.7164, 24.0629, 24.4059, 24.7453, 25.0809, 25.4127, 25.7408, 26.0647, 26.3851, 26.7014, 27.0137, 27.3221, 27.6263, 27.9265, 28.2225, 28.5143, 28.8019, 29.0852, 29.3643, 29.639, 29.9094, 30.1754, 30.437, 30.6942, 30.9469, 31.1952, 31.4386, 31.6779, 31.9125, 32.1426, 32.3682, 32.5891, 32.8054, 33.0171, 33.2242, 33.4266, 33.6244, 33.8137, 34.0046, 34.1866, 34.3669, 34.5433, 34.7114, 34.8777, 35.0368, 35.1935, 35.3435, 35.4906, 35.6313, 35.7692, 35.9003, 36.0292, 36.0899
0.0708255, -0.613672, 0.519607, -0.458813, 0.42168, 2.29367, 3.41745, 4.25861, 5.03301, 5.68294, 6.34327, 6.89966, 7.51677, 8.00628, 8.5641, 9.08813, 9.57972, 10.0942, 10.5666, 11.0493, 11.5158, 11.9981, 12.4227, 12.9135, 13.3324, 13.8297, 14.1536, 14.5268, 14.8955, 15.2593, 15.6217, 15.9818, 16.3395, 16.6949, 17.0478, 17.3981, 17.7459, 18.0911, 18.4336, 18.7733, 19.1102, 19.4443, 19.7755, 20.1038, 20.429, 20.7511, 21.0707, 21.3854, 21.6982, 22.0076, 22.3138, 22.6166, 22.916, 23.2119, 23.505, 23.7939, 24.0794, 24.3612, 24.6395, 24.9141, 25.185, 25.4521, 25.7155, 25.9751, 26.2309, 26.4828, 26.7308, 26.9749, 27.2151, 27.4513, 27.6836, 27.9118, 28.136, 28.3567, 28.5725, 28.7846, 28.9924, 29.1962, 29.3958, 29.5912, 29.7825, 29.9697, 30.1526, 30.3313, 30.5122, 30.6784, 30.8475, 31.0074, 31.1616, 31.3179, 31.4649, 31.6119, 31.751, 31.8892, 32.0201, 32.1499, 32.2722, 32.3939, 32.5074, 32.5644
0.0637967, -0.55277, 0.46804, -0.413279, 0.379829, 2.0719, 3.08451, 3.84551, 4.54295, 5.13012, 5.72543, 6.22742, 6.78435, 7.22572, 7.72875, 8.20167, 8.64536, 9.11005, 9.53402, 9.97062, 10.3894, 10.8235, 11.2129, 11.6436, 12.0477, 12.4415, 12.8499, 13.1774, 13.5067, 13.8388, 14.1676, 14.4943, 14.8188, 15.1413, 15.4614, 15.7794, 16.0949, 16.4082, 16.7189, 17.0272, 17.333, 17.6362, 17.9368, 18.2347, 18.5299, 18.8224, 19.1116, 19.4005, 19.684, 19.9651, 20.243, 20.518, 20.7899, 21.0587, 21.3244, 21.5869, 21.8462, 22.1023, 22.355, 22.6045, 22.8506, 23.0934, 23.3327, 23.5687, 23.8011, 24.0301, 24.2556, 24.4775, 24.6959, 24.9107, 25.1219, 25.3294, 25.5334, 25.7327, 25.9297, 26.1224, 26.3116, 26.497, 26.6787, 26.8567, 27.0309, 27.2013, 27.368, 27.531, 27.6789, 27.8416, 27.9878, 28.1391, 28.2802, 28.4223, 28.5567, 28.6905, 28.8177, 28.9437, 29.0634, 29.1817, 29.2937, 29.4047, 29.5088, 29.5607
0.057925, -0.501894, 0.424962, -0.375242, 0.344873, 1.87649, 2.79489, 3.48285, 4.1146, 4.64685, 5.18501, 5.64039, 6.14411, 6.54373, 6.9985, 7.42704, 7.82887, 8.24878, 8.63391, 9.02697, 9.40785, 9.79872, 10.1522, 10.5401, 10.9089, 11.2617, 11.6406, 11.9488, 12.2574, 12.5549, 12.8532, 13.1497, 13.4442, 13.7368, 14.0273, 14.3158, 14.6022, 14.8864, 15.1684, 15.4482, 15.7257, 16.0008, 16.2736, 16.544, 16.8119, 17.0771, 17.3407, 17.5972, 17.8554, 18.1102, 18.3625, 18.612, 18.8587, 19.1026, 19.3437, 19.5819, 19.8172, 20.0496, 20.279, 20.5054, 20.7287, 20.9491, 21.1663, 21.3804, 21.5914, 21.7993, 22.0039, 22.2054, 22.4036, 22.5986, 22.7903, 22.9789, 23.1639, 23.3475, 23.5252, 23.7007, 23.8724, 24.0409, 24.2059, 24.3675, 24.5257, 24.6806, 24.8319, 24.9796, 25.1444, 25.2721, 25.4192, 25.5467, 25.6827, 25.8061, 25.9333, 26.051, 26.1705, 26.2817, 26.3941, 26.4985, 26.6041, 26.7012, 26.8007, 26.8453
0.0526486, -0.456177, 0.386253, -0.341062, 0.313459, 1.70543, 2.53975, 3.1648, 3.7389, 4.22161, 4.71177, 5.1228, 5.58201, 5.94423, 6.35776, 6.74551, 7.11138, 7.49317, 7.84179, 8.19889, 8.544, 8.89955, 9.21905, 9.57405, 9.90262, 10.2375, 10.5509, 10.8996, 11.1584, 11.4369, 11.7089, 11.9787, 12.2471, 12.5136, 12.7784, 13.0412, 13.3022, 13.5612, 13.8182, 14.0731, 14.326, 14.5767, 14.8253, 15.0716, 15.3157, 15.5579, 15.796, 16.0404, 16.2742, 16.5069, 16.7369, 16.9645, 17.1895, 17.412, 17.6319, 17.8492, 18.0638, 18.2758, 18.4851, 18.6917, 18.8955, 19.0965, 19.2947, 19.4901, 19.6827, 19.8724, 20.0591, 20.243, 20.424, 20.602, 20.777, 20.9488, 21.1181, 21.2808, 21.4452, 21.6045, 21.7616, 21.9153, 22.0661, 22.2137, 22.3584, 22.4997, 22.6381, 22.7733, 22.9052, 23.0343, 23.16, 23.2827, 23.4022, 23.5186, 23.6319, 23.742, 23.849, 23.9528, 24.0535, 24.1511, 24.2455, 24.3368, 24.425, 24.4675
0.0480781, -0.416575, 0.352722, -0.311453, 0.286248, 1.55385, 2.31508, 2.88336, 3.40695, 3.84651, 4.29248, 4.66787, 5.08522, 5.41558, 5.79144, 6.14506, 6.47795, 6.8255, 7.14372, 7.4681, 7.78245, 8.1056, 8.39654, 8.71931, 9.02091, 9.31931, 9.61918, 9.90499, 10.2124, 10.4512, 10.6995, 10.9468, 11.1922, 11.4358, 11.6778, 11.9181, 12.1567, 12.3934, 12.6284, 12.8615, 13.0926, 13.3219, 13.5491, 13.7746, 13.9978, 14.219, 14.4381, 14.6547, 14.8695, 15.082, 15.2924, 15.5004, 15.7061, 15.9095, 16.1106, 16.3093, 16.5055, 16.6994, 16.8907, 17.0796, 17.266, 17.4499, 17.6312, 17.8099, 17.986, 18.1595, 18.3304, 18.4986, 18.6642, 18.827, 18.9872, 19.145, 19.2996, 19.4517, 19.6008, 19.7473, 19.891, 20.0318, 20.1698, 20.305, 20.4372, 20.5669, 20.6935, 20.8175, 20.9376, 21.0564, 21.1713, 21.284, 21.3934, 21.5003, 21.604, 21.7052, 21.8031, 21.8986, 21.9908, 22.0805, 22.167, 22.2511, 22.3319, 22.3711
0.0438247, -0.379722, 0.321517, -0.2839, 0.260923, 1.42061, 2.1146, 2.63516, 3.1127, 3.51383, 3.92123, 4.26392, 4.6448, 4.94668, 5.28972, 5.61239, 5.91611, 6.23393, 6.52402, 6.82048, 7.10697, 7.40177, 7.66732, 7.96211, 8.23702, 8.51034, 8.78271, 9.04713, 9.32038, 9.56436, 9.79261, 10.0177, 10.2422, 10.4652, 10.6867, 10.9067, 11.125, 11.3417, 11.5568, 11.7701, 11.9818, 12.1916, 12.3997, 12.6056, 12.81, 13.0125, 13.213, 13.4116, 13.6082, 13.8027, 13.9953, 14.1857, 14.3741, 14.5603, 14.7444, 14.9263, 15.106, 15.2835, 15.4587, 15.6317, 15.8024, 15.9707, 16.1368, 16.3005, 16.4618, 16.6207, 16.7772, 16.9312, 17.0829, 17.2321, 17.3788, 17.5221, 17.6642, 17.8032, 17.94, 18.0741, 18.2055, 18.3346, 18.4611, 18.585, 18.7067, 18.8252, 18.9415, 19.0549, 19.1677, 19.2748, 19.3814, 19.4839, 19.5849, 19.6823, 19.7779, 19.8702, 19.9606, 20.0477, 20.1329, 20.2147, 20.2947, 20.3713, 20.4461, 20.4817
0.0402654, -0.348882, 0.295404, -0.260842, 0.239733, 1.30062, 1.93745, 2.41274, 2.85047, 3.21784, 3.59053, 3.90447, 4.25264, 4.52931, 4.843, 5.13846, 5.41619, 5.70694, 5.97285, 6.24412, 6.5059, 6.77568, 7.01842, 7.28807, 7.53926, 7.79042, 8.03736, 8.28495, 8.52249, 8.77777, 8.98049, 9.19006, 9.3961, 9.60071, 9.80394, 10.0058, 10.2061, 10.405, 10.6023, 10.7981, 10.9922, 11.1849, 11.3756, 11.5655, 11.753, 11.9388, 12.1229, 12.3051, 12.4855, 12.6641, 12.8409, 13.0157, 13.1886, 13.3595, 13.5285, 13.6955, 13.8604, 14.0234, 14.1843, 14.3431, 14.4998, 14.6543, 14.8068, 14.9571, 15.1052, 15.2511, 15.3948, 15.5363, 15.6756, 15.8126, 15.9473, 16.0798, 16.21, 16.3379, 16.4634, 16.5867, 16.7081, 16.8264, 16.9428, 17.0566, 17.1681, 17.2772, 17.384, 17.4884, 17.5903, 17.6899, 17.7871, 17.882, 17.9744, 18.0646, 18.1521, 18.2375, 18.32, 18.4007, 18.4785, 18.5544, 18.6274, 18.6986, 18.7667, 18.8
0.0368585, -0.319363, 0.27041, -0.238772, 0.219447, 1.19468, 1.77783, 2.21528, 2.61625, 2.95321, 3.29517, 3.58301, 3.90255, 4.15595, 4.44428, 4.71449, 4.96941, 5.23633, 5.47983, 5.72889, 5.96909, 6.21634, 6.4387, 6.68615, 6.91645, 7.14616, 7.37412, 7.59833, 7.82293, 8.04108, 8.26507, 8.44977, 8.63924, 8.82752, 9.01447, 9.20007, 9.38433, 9.56721, 9.7487, 9.92875, 10.1074, 10.2844, 10.4601, 10.6341, 10.8066, 10.9775, 11.1467, 11.3144, 11.4803, 11.6446, 11.8072, 11.968, 12.127, 12.2843, 12.4397, 12.5934, 12.7451, 12.895, 13.043, 13.1891, 13.3333, 13.4755, 13.6158, 13.7541, 13.8904, 14.0247, 14.1569, 14.2871, 14.4153, 14.5414, 14.6654, 14.7874, 14.9072, 15.0249, 15.1405, 15.254, 15.3641, 15.4739, 15.5806, 15.6856, 15.7882, 15.8887, 15.987, 16.0831, 16.1771, 16.2688, 16.3584, 16.4457, 16.5309, 16.6138, 16.6946, 16.7731, 16.8498, 16.9237, 16.9959, 17.0654, 17.1332, 17.1983, 17.2618, 17.2921
0.0339711, -0.294345, 0.249227, -0.220067, 0.202257, 1.09869, 1.63563, 2.03721, 2.40592, 2.71621, 3.03006, 3.29504, 3.58843, 3.82146, 4.08626, 4.335, 4.5691, 4.81387, 5.03851, 5.26714, 5.48784, 5.71469, 5.91947, 6.14568, 6.3579, 6.56909, 6.77816, 6.98458, 7.19119, 7.39157, 7.59883, 7.78234, 7.95723, 8.13041, 8.30251, 8.47349, 8.64323, 8.81171, 8.97888, 9.14476, 9.30927, 9.47249, 9.63425, 9.79461, 9.95352, 10.111, 10.2669, 10.4214, 10.5743, 10.7256, 10.8754, 11.0236, 11.17, 11.315, 11.4582, 11.5997, 11.7396, 11.8777, 12.0141, 12.1488, 12.2816, 12.4128, 12.542, 12.6695, 12.7951, 12.9189, 13.0408, 13.1608, 13.2789, 13.3952, 13.5095, 13.6219, 13.7324, 13.8409, 13.9475, 14.0521, 14.1548, 14.2555, 14.3542, 14.4509, 14.5456, 14.6383, 14.729, 14.8176, 14.9043, 14.989, 15.0716, 15.1522, 15.2308, 15.3074, 15.3819, 15.4544, 15.5249, 15.5934, 15.6598, 15.7242, 15.7866, 15.847, 15.9054, 15.9336
0.0312772, -0.271003, 0.229463, -0.202616, 0.186218, 1.01284, 1.50713, 1.87754, 2.21702, 2.50261, 2.79169, 3.03579, 3.30603, 3.52034, 3.76448, 3.99331, 4.20875, 4.43449, 4.64048, 4.85163, 5.05491, 5.26369, 5.45211, 5.66037, 5.85537, 6.05042, 6.24209, 6.4329, 6.62201, 6.80943, 6.99194, 7.18417, 7.34135, 7.50203, 7.66112, 7.81889, 7.97554, 8.13102, 8.28533, 8.43841, 8.59029, 8.74075, 8.89008, 9.03808, 9.18475, 9.33007, 9.47402, 9.61657, 9.75771, 9.89741, 10.0357, 10.1724, 10.3078, 10.4416, 10.5738, 10.7045, 10.8336, 10.9611, 11.0871, 11.2114, 11.334, 11.4549, 11.5743, 11.692, 11.808, 11.9223, 12.0349, 12.1457, 12.2548, 12.3622, 12.4677, 12.5716, 12.6736, 12.7738, 12.8723, 12.9689, 13.0637, 13.1567, 13.2479, 13.3373, 13.4248, 13.5104, 13.5942, 13.6762, 13.7563, 13.8345, 13.9109, 13.9854, 14.0581, 14.1289, 14.1978, 14.2648, 14.33, 14.3933, 14.4548, 14.5144, 14.5721, 14.628, 14.682, 14.7081
0.0288355, -0.249846, 0.211549, -0.186798, 0.17168, 0.935411, 1.39108, 1.7335, 2.04628, 2.31014, 2.57683, 2.80153, 3.0511, 3.24874, 3.47391, 3.68479, 3.88375, 4.09151, 4.28247, 4.47634, 4.66426, 4.85679, 5.03051, 5.22244, 5.40248, 5.58148, 5.7596, 5.93464, 6.10959, 6.2815, 6.45337, 6.6206, 6.79074, 6.93626, 7.0828, 7.22877, 7.37364, 7.51742, 7.6601, 7.80169, 7.94204, 8.08162, 8.21967, 8.35655, 8.4922, 8.6266, 8.75974, 8.89159, 9.02213, 9.15135, 9.27921, 9.40578, 9.53052, 9.65432, 9.77662, 9.8975, 10.0169, 10.1349, 10.2514, 10.3664, 10.4798, 10.5921, 10.7025, 10.8114, 10.9187, 11.0245, 11.1286, 11.2312, 11.3322, 11.4315, 11.5292, 11.6253, 11.7198, 11.8125, 11.9037, 11.9931, 12.0809, 12.167, 12.2514, 12.3342, 12.4152, 12.4945, 12.5721, 12.648, 12.7222, 12.7947, 12.8654, 12.9345, 13.0018, 13.0674, 13.1312, 13.1934, 13.2538, 13.3125, 13.3695, 13.4247, 13.4783, 13.5301, 13.5802, 13.6044
0.0268129, -0.232322, 0.196711, -0.173696, 0.15964, 0.864229, 1.28714, 1.60196, 1.8924, 2.13519, 2.38239, 2.58954, 2.82032, 3.0031, 3.21082, 3.4063, 3.58966, 3.78181, 3.95738, 4.13724, 4.31076, 4.48854, 4.64906, 4.82632, 4.99232, 5.15815, 5.32156, 5.48404, 5.64556, 5.80436, 5.96349, 6.11739, 6.27677, 6.41491, 6.55226, 6.68709, 6.82109, 6.95411, 7.08613, 7.21704, 7.34718, 7.47517, 7.603, 7.72961, 7.85509, 7.97943, 8.10259, 8.22456, 8.34532, 8.46485, 8.58317, 8.70004, 8.81682, 8.9311, 9.0443, 9.15614, 9.26665, 9.37581, 9.48359, 9.58999, 9.69508, 9.79788, 9.90028, 10.001, 10.1003, 10.1981, 10.2945, 10.3894, 10.4828, 10.5748, 10.6652, 10.7541, 10.8415, 10.9274, 11.0117, 11.0945, 11.1757, 11.2554, 11.3335, 11.4101, 11.485, 11.5585, 11.6303, 11.7005, 11.7692, 11.8363, 11.9018, 11.9657, 12.028, 12.0887, 12.1479, 12.2054, 12.2613, 12.3157, 12.3684, 12.4196, 12.4692, 12.5172, 12.5636, 12.5861
0.0247001, -0.214015, 0.181211, -0.160009, 0.147059, 0.801211, 1.19118, 1.48427, 1.75173, 1.97755, 2.20536, 2.39789, 2.61099, 2.78006, 2.97231, 3.15283, 3.32284, 3.50031, 3.66339, 3.82914, 3.98993, 4.15449, 4.30298, 4.46685, 4.62056, 4.77345, 4.92548, 5.07522, 5.22458, 5.37205, 5.51806, 5.66349, 5.80294, 5.95305, 6.07339, 6.19915, 6.32343, 6.44679, 6.56914, 6.69074, 6.81061, 6.93237, 7.05059, 7.16807, 7.28447, 7.3998, 7.51404, 7.62719, 7.73921, 7.85012, 7.95978, 8.0688, 8.17343, 8.28012, 8.38499, 8.48873, 8.59122, 8.69244, 8.79241, 8.89112, 8.9883, 9.0866, 9.18079, 9.27445, 9.36654, 9.45735, 9.54678, 9.63485, 9.72155, 9.80687, 9.89079, 9.97331, 10.0544, 10.1341, 10.2125, 10.2893, 10.3647, 10.4387, 10.5112, 10.5823, 10.6519, 10.7201, 10.7868, 10.852, 10.9158, 10.9781, 11.0389, 11.0983, 11.1562, 11.2126, 11.2675, 11.321, 11.373, 11.4235, 11.4726, 11.5201, 11.5662, 11.6109, 11.654, 11.6748
0.0230079, -0.199353, 0.168796, -0.149047, 0.136985, 0.742538, 1.1052, 1.37578, 1.62465, 1.83308, 2.04498, 2.22266, 2.42054, 2.57714, 2.75536, 2.92255, 3.08011, 3.24462, 3.39529, 3.54925, 3.69802, 3.85078, 3.98836, 4.13999, 4.28215, 4.42418, 4.56437, 4.70334, 4.84184, 4.97788, 5.11398, 5.24774, 5.37965, 5.51147, 5.639, 5.75393, 5.86919, 5.98364, 6.09739, 6.20967, 6.32317, 6.42758, 6.53818, 6.64701, 6.75497, 6.86192, 6.96786, 7.07279, 7.17668, 7.27948, 7.38146, 7.48089, 7.58828, 7.68537, 7.78307, 7.87932, 7.97449, 8.06852, 8.16134, 8.25298, 8.34344, 8.43252, 8.52057, 8.60735, 8.6929, 8.77719, 8.86023, 8.94201, 9.02249, 9.10171, 9.17963, 9.25625, 9.33157, 9.40559, 9.47804, 9.54951, 9.61949, 9.68822, 9.75556, 9.82159, 9.88625, 9.94957, 10.0115, 10.0721, 10.1314, 10.1893, 10.2458, 10.3009, 10.3547, 10.4071, 10.4582, 10.5079, 10.5562, 10.6031, 10.6487, 10.6929, 10.7358, 10.7773, 10.8174, 10.837
0.0213852, -0.185293, 0.156891, -0.138535, 0.127324, 0.689465, 1.02633, 1.27731, 1.50837, 1.70178, 1.89834, 2.06334, 2.24676, 2.39227, 2.55735, 2.71273, 2.85876, 3.01146, 3.15098, 3.29397, 3.43192, 3.57333, 3.7015, 3.84182, 3.9738, 4.10555, 4.23531, 4.36442, 4.49277, 4.6194, 4.74534, 4.86943, 4.99217, 5.11304, 5.23771, 5.34584, 5.45362, 5.56005, 5.66563, 5.77043, 5.87423, 5.97778, 6.07993, 6.18125, 6.28165, 6.38114, 6.47969, 6.5773, 6.67394, 6.76961, 6.86426, 6.95803, 7.0501, 7.1418, 7.2325, 7.32199, 7.41047, 7.49773, 7.58404, 7.66922, 7.75329, 7.83625, 7.91807, 7.99875, 8.07827, 8.15664, 8.23384, 8.30986, 8.38475, 8.45838, 8.53084, 8.60208, 8.67212, 8.74093, 8.80854, 8.87489, 8.94002, 9.00391, 9.06656, 9.12795, 9.1881, 9.24699, 9.30462, 9.361, 9.41611, 9.46995, 9.52253, 9.57384, 9.62388, 9.67266, 9.72016, 9.76639, 9.81136, 9.85505, 9.89748, 9.93864, 9.97854, 10.0172, 10.0545, 10.0726
0.0198051, -0.171602, 0.145299, -0.128299, 0.117915, 0.6415, 0.953662, 1.18786, 1.40178, 1.5821, 1.76427, 1.91775, 2.088, 2.22316, 2.37656, 2.52071, 2.65652, 2.79801, 2.92834, 3.06019, 3.18915, 3.32037, 3.43879, 3.56997, 3.6922, 3.81398, 3.93533, 4.05461, 4.17401, 4.29109, 4.40848, 4.52331, 4.63784, 4.75117, 4.86235, 4.97581, 5.07265, 5.17168, 5.26991, 5.36737, 5.46405, 5.5599, 5.65497, 5.74921, 5.84261, 5.93516, 6.02683, 6.11763, 6.20753, 6.29652, 6.3846, 6.47173, 6.55796, 6.64326, 6.72706, 6.81045, 6.89267, 6.9743, 7.0545, 7.13377, 7.21199, 7.28917, 7.3653, 7.44036, 7.51436, 7.58728, 7.65912, 7.72987, 7.79938, 7.86796, 7.93536, 8.00167, 8.06684, 8.13088, 8.19378, 8.25554, 8.31615, 8.37561, 8.43392, 8.49106, 8.54705, 8.60186, 8.65551, 8.70799, 8.75929, 8.80941, 8.85836, 8.90613, 8.95273, 8.99814, 9.04237, 9.08542, 9.12729, 9.16799, 9.2075, 9.24584, 9.283, 9.31899, 9.35381, 9.37063
0.0184762, -0.160088, 0.135549, -0.11969, 0.110004, 0.596867, 0.88778, 1.10522, 1.30467, 1.47189, 1.6416, 1.78426, 1.94258, 2.06834, 2.2109, 2.34507, 2.47119, 2.60307, 2.72355, 2.84705, 2.96596, 3.08828, 3.19882, 3.32018, 3.43404, 3.5478, 3.65973, 3.77111, 3.88191, 3.99116, 4.10014, 4.20739, 4.31261, 4.41858, 4.52268, 4.62593, 4.72388, 4.8163, 4.90777, 4.99855, 5.08859, 5.1779, 5.26645, 5.35423, 5.44123, 5.52743, 5.61282, 5.6974, 5.78114, 5.86404, 5.94607, 6.02725, 6.10752, 6.18692, 6.26546, 6.34303, 6.4197, 6.4954, 6.5702, 6.64403, 6.71691, 6.78881, 6.85974, 6.92968, 6.99862, 7.06656, 7.1335, 7.19938, 7.26471, 7.32842, 7.39131, 7.45307, 7.51381, 7.57349, 7.63212, 7.68968, 7.74617, 7.80159, 7.85594, 7.90921, 7.96139, 8.01249, 8.06251, 8.11143, 8.15926, 8.20599, 8.25164, 8.29618, 8.33963, 8.38198, 8.42323, 8.46338, 8.50244, 8.5404, 8.57726, 8.61302, 8.6477, 8.68128, 8.71377, 8.72947
0.0171679, -0.148752, 0.125951, -0.111215, 0.102214, 0.556398, 0.826794, 1.02988, 1.21497, 1.37136, 1.52879, 1.66202, 1.80921, 1.92613, 2.05903, 2.18348, 2.3012, 2.42371, 2.53643, 2.65052, 2.76213, 2.87559, 2.97822, 3.09167, 3.19748, 3.30284, 3.40769, 3.51093, 3.61398, 3.71581, 3.816, 3.91658, 4.01512, 4.11322, 4.21132, 4.30422, 4.40373, 4.48631, 4.57184, 4.65639, 4.74028, 4.82347, 4.90596, 4.98774, 5.06878, 5.14909, 5.22864, 5.30743, 5.38544, 5.46267, 5.5391, 5.61471, 5.68954, 5.7635, 5.83663, 5.90891, 5.98033, 6.05089, 6.12056, 6.18935, 6.25724, 6.32423, 6.39031, 6.45547, 6.5197, 6.583, 6.64536, 6.70677, 6.76719, 6.8267, 6.88522, 6.94278, 6.99937, 7.05497, 7.10959, 7.16321, 7.21585, 7.26748, 7.31811, 7.36774, 7.41636, 7.46397, 7.51057, 7.55615, 7.60071, 7.64426, 7.68678, 7.72829, 7.76877, 7.80823, 7.84667, 7.88408, 7.92047, 7.95584, 7.99019, 8.02352, 8.05583, 8.08713, 8.11741, 8.13204
0.0160617, -0.139167, 0.117835, -0.104049, 0.0956284, 0.518616, 0.771263, 0.960007, 1.13311, 1.27819, 1.42543, 1.54916, 1.68647, 1.79553, 1.91917, 2.03554, 2.14478, 2.25917, 2.36381, 2.4707, 2.57361, 2.67997, 2.77555, 2.8813, 2.97978, 3.0782, 3.17524, 3.27179, 3.36776, 3.46253, 3.55677, 3.64997, 3.74112, 3.83309, 3.92356, 4.01223, 4.1009, 4.18801, 4.26695, 4.34592, 4.42423, 4.50189, 4.5789, 4.65523, 4.7309, 4.80587, 4.88013, 4.95369, 5.02652, 5.09861, 5.16996, 5.24058, 5.3103, 5.37938, 5.44765, 5.51514, 5.58182, 5.64769, 5.71274, 5.77697, 5.84036, 5.90291, 5.96461, 6.02546, 6.08544, 6.14455, 6.20278, 6.26013, 6.31659, 6.37216, 6.42684, 6.4806, 6.53345, 6.58538, 6.6364, 6.68649, 6.73566, 6.7839, 6.8312, 6.87756, 6.92299, 6.96747, 7.01101, 7.0536, 7.09524, 7.13594, 7.17568, 7.21447, 7.25231, 7.28919, 7.32512, 7.3601, 7.39413, 7.4272, 7.45932, 7.49049, 7.52071, 7.54998, 7.5783, 7.59199
0.0149529, -0.12956, 0.109701, -0.0968659, 0.0890263, 0.484311, 0.719582, 0.896168, 1.05712, 1.19302, 1.32988, 1.44561, 1.57351, 1.6751, 1.79053, 1.89873, 2.0008, 2.10744, 2.20507, 2.30465, 2.40065, 2.49973, 2.58893, 2.68749, 2.77947, 2.87092, 2.96202, 3.05149, 3.14114, 3.22906, 3.31731, 3.40356, 3.48982, 3.57461, 3.65948, 3.74177, 3.82338, 3.90954, 3.98274, 4.05664, 4.12972, 4.20222, 4.27411, 4.34538, 4.41597, 4.48596, 4.55528, 4.62395, 4.69193, 4.75924, 4.82585, 4.89175, 4.95695, 5.02142, 5.08516, 5.14816, 5.21042, 5.27191, 5.33265, 5.39261, 5.45179, 5.51019, 5.5678, 5.6246, 5.6806, 5.73579, 5.79016, 5.84371, 5.89642, 5.9483, 5.99934, 6.04954, 6.09888, 6.14738, 6.19501, 6.24179, 6.2877, 6.33274, 6.37691, 6.42021, 6.46263, 6.50417, 6.54482, 6.5846, 6.62349, 6.6615, 6.69861, 6.73484, 6.77018, 6.80463, 6.83819, 6.87086, 6.90265, 6.93354, 6.96355, 6.99266, 7.0209, 7.04824, 7.07471, 7.0875
0.0140073, -0.121367, 0.102764, -0.0907404, 0.0833972, 0.452198, 0.672332, 0.836777, 0.987508, 1.11383, 1.24201, 1.3497, 1.46923, 1.56406, 1.67173, 1.77287, 1.86803, 1.96747, 2.05859, 2.15154, 2.24127, 2.33369, 2.41672, 2.50875, 2.59449, 2.68009, 2.76454, 2.84843, 2.93184, 3.01422, 3.09623, 3.17712, 3.25696, 3.33692, 3.41537, 3.49262, 3.56931, 3.64714, 3.72203, 3.78997, 3.85835, 3.92608, 3.99325, 4.05983, 4.12583, 4.19122, 4.256, 4.32016, 4.38369, 4.44658, 4.50882, 4.5704, 4.63132, 4.69156, 4.75113, 4.81, 4.86817, 4.92564, 4.98239, 5.03843, 5.09373, 5.14831, 5.20214, 5.25522, 5.30756, 5.35913, 5.40994, 5.45999, 5.50925, 5.55774, 5.60544, 5.65236, 5.69848, 5.74381, 5.78833, 5.83205, 5.87496, 5.91706, 5.95835, 5.99882, 6.03847, 6.0773, 6.11531, 6.1525, 6.18885, 6.22438, 6.25909, 6.29296, 6.326, 6.35821, 6.38959, 6.42014, 6.44986, 6.47875, 6.50681, 6.53405, 6.56045, 6.58603, 6.61078, 6.62275
0.0130812, -0.113343, 0.0959695, -0.0847411, 0.0778832, 0.422803, 0.628353, 0.782188, 0.922814, 1.04104, 1.16066, 1.2612, 1.37287, 1.46141, 1.56198, 1.65637, 1.74533, 1.83801, 1.92339, 2.00975, 2.09425, 2.17938, 2.25764, 2.34355, 2.42365, 2.50356, 2.58249, 2.66072, 2.73865, 2.81547, 2.89207, 2.96755, 3.04211, 3.11672, 3.19012, 3.2621, 3.33399, 3.40597, 3.47873, 3.54387, 3.60774, 3.6711, 3.73392, 3.79618, 3.8579, 3.91905, 3.97963, 4.03963, 4.09904, 4.15786, 4.21607, 4.27366, 4.33063, 4.38697, 4.44268, 4.49774, 4.55214, 4.60589, 4.65897, 4.71138, 4.76311, 4.81415, 4.8645, 4.91415, 4.9631, 5.01135, 5.05887, 5.10568, 5.15176, 5.19712, 5.24174, 5.28563, 5.32877, 5.37117, 5.41283, 5.45373, 5.49387, 5.53326, 5.57189, 5.60975, 5.64685, 5.68318, 5.71875, 5.75354, 5.78756, 5.82081, 5.85328, 5.88498, 5.9159, 5.94605, 5.97542, 6.00401, 6.03183, 6.05887, 6.08514, 6.11063, 6.13535, 6.1593, 6.18248, 6.19368
0.0122273, -0.105944, 0.0897046, -0.0792092, 0.0727988, 0.395561, 0.587651, 0.731623, 0.862939, 0.973621, 1.08521, 1.17945, 1.28364, 1.36642, 1.46037, 1.54862, 1.63167, 1.71841, 1.79792, 1.87908, 1.9573, 2.03736, 2.1104, 2.19066, 2.26552, 2.34023, 2.41387, 2.48709, 2.5597, 2.63164, 2.70311, 2.77374, 2.84324, 2.91313, 2.98155, 3.049, 3.11602, 3.1837, 3.25008, 3.31542, 3.37432, 3.43363, 3.49238, 3.55062, 3.60835, 3.66555, 3.72221, 3.77833, 3.83391, 3.88892, 3.94337, 3.99724, 4.05053, 4.10323, 4.15534, 4.20684, 4.25773, 4.30801, 4.35766, 4.40668, 4.45507, 4.50282, 4.54992, 4.59636, 4.64215, 4.68728, 4.73174, 4.77553, 4.81864, 4.86107, 4.90281, 4.94386, 4.98423, 5.02389, 5.06286, 5.10112, 5.13868, 5.17553, 5.21166, 5.24709, 5.2818, 5.31579, 5.34906, 5.38161, 5.41345, 5.44455, 5.47494, 5.5046, 5.53353, 5.56174, 5.58922, 5.61598, 5.64201, 5.66731, 5.69189, 5.71575, 5.73889, 5.7613, 5.78299, 5.79348
0.0114441, -0.0991581, 0.0839589, -0.0741358, 0.068136, 0.370245, 0.54996, 0.684685, 0.807489, 0.911045, 1.01536, 1.10354, 1.2009, 1.27841, 1.36613, 1.44872, 1.5264, 1.60729, 1.68206, 1.75727, 1.83134, 1.90564, 1.97393, 2.04899, 2.11901, 2.18872, 2.25795, 2.32604, 2.3942, 2.46103, 2.52814, 2.59382, 2.65916, 2.72399, 2.78858, 2.85111, 2.91383, 2.9775, 3.03924, 3.10181, 3.15848, 3.21405, 3.26904, 3.32356, 3.3776, 3.43115, 3.4842, 3.53674, 3.58876, 3.64026, 3.69123, 3.74166, 3.79155, 3.84089, 3.88967, 3.93789, 3.98553, 4.0326, 4.07909, 4.12498, 4.17028, 4.21499, 4.25908, 4.30257, 4.34544, 4.38769, 4.42932, 4.47031, 4.51068, 4.55041, 4.58949, 4.62793, 4.66572, 4.70287, 4.73935, 4.77518, 4.81035, 4.84486, 4.8787, 4.91187, 4.94437, 4.97621, 5.00737, 5.03785, 5.06766, 5.0968, 5.12525, 5.15303, 5.18013, 5.20656, 5.2323, 5.25736, 5.28175, 5.30545, 5.32848, 5.35083, 5.37251, 5.3935, 5.41383, 5.42366
0.0107212, -0.0928942, 0.0786552, -0.0694526, 0.0638318, 0.346709, 0.514988, 0.641069, 0.756038, 0.852906, 0.950568, 1.03302, 1.12419, 1.19658, 1.27882, 1.35589, 1.42863, 1.50445, 1.57401, 1.64482, 1.71369, 1.78336, 1.84737, 1.9173, 1.98294, 2.04832, 2.11277, 2.17672, 2.24029, 2.30307, 2.36559, 2.42725, 2.48821, 2.54878, 2.60909, 2.66802, 2.72667, 2.78584, 2.84415, 2.90066, 2.9586, 3.00914, 3.06079, 3.11182, 3.16242, 3.21256, 3.26223, 3.31143, 3.36014, 3.40836, 3.45609, 3.50331, 3.55002, 3.59622, 3.6419, 3.68704, 3.73166, 3.77573, 3.81926, 3.86223, 3.90465, 3.94651, 3.9878, 4.02852, 4.06866, 4.10823, 4.14721, 4.1856, 4.22339, 4.26059, 4.29719, 4.33319, 4.36858, 4.40336, 4.43753, 4.47108, 4.50401, 4.53633, 4.56802, 4.59909, 4.62952, 4.65934, 4.68852, 4.71707, 4.74499, 4.77227, 4.79892, 4.82494, 4.85032, 4.87507, 4.89918, 4.92265, 4.94549, 4.9677, 4.98927, 5.0102, 5.03051, 5.05018, 5.06922, 5.07842
0.0100426, -0.0870149, 0.073677, -0.0650568, 0.0597918, 0.324856, 0.482433, 0.600556, 0.70816, 0.798908, 0.890273, 0.967533, 1.05277, 1.12066, 1.19748, 1.2698, 1.33775, 1.40872, 1.47387, 1.54022, 1.60441, 1.66981, 1.72958, 1.79527, 1.85653, 1.91771, 1.97805, 2.0379, 2.09742, 2.15614, 2.21462, 2.2723, 2.32931, 2.38612, 2.44258, 2.49749, 2.55252, 2.60796, 2.66231, 2.71604, 2.76913, 2.82119, 2.86912, 2.91703, 2.96447, 3.01147, 3.05804, 3.10417, 3.14984, 3.19505, 3.2398, 3.28408, 3.32788, 3.37119, 3.41402, 3.45635, 3.49819, 3.53951, 3.58033, 3.62063, 3.6604, 3.69966, 3.73838, 3.77656, 3.81421, 3.85131, 3.88787, 3.92387, 3.95932, 3.99421, 4.02854, 4.0623, 4.09549, 4.12812, 4.16017, 4.19164, 4.22253, 4.25284, 4.28257, 4.31172, 4.34028, 4.36824, 4.39562, 4.42241, 4.44861, 4.47421, 4.49922, 4.52364, 4.54745, 4.57068, 4.59331, 4.61534, 4.63678, 4.65763, 4.67788, 4.69753, 4.7166, 4.73507, 4.75294, 4.76159
0.00941496, -0.0815765, 0.0690722, -0.0609908, 0.0560549, 0.304484, 0.452148, 0.562815, 0.663617, 0.748615, 0.834189, 0.90654, 0.986361, 1.04993, 1.12187, 1.18958, 1.25321, 1.31966, 1.38063, 1.44277, 1.50286, 1.56411, 1.62006, 1.68156, 1.73891, 1.79619, 1.85271, 1.90872, 1.96451, 2.01928, 2.07417, 2.12816, 2.1815, 2.23474, 2.28752, 2.33905, 2.39036, 2.4424, 2.49334, 2.54372, 2.59296, 2.64302, 2.68756, 2.73247, 2.7769, 2.82093, 2.86455, 2.90775, 2.95054, 2.99289, 3.0348, 3.07627, 3.1173, 3.15788, 3.19799, 3.23764, 3.27683, 3.31553, 3.35376, 3.39151, 3.42877, 3.46554, 3.5018, 3.53757, 3.57283, 3.60758, 3.64182, 3.67555, 3.70875, 3.74143, 3.77358, 3.8052, 3.83629, 3.86684, 3.89686, 3.92634, 3.95527, 3.98367, 4.01151, 4.03881, 4.06555, 4.09175, 4.11739, 4.14248, 4.16701, 4.19099, 4.21441, 4.23728, 4.2596, 4.28134, 4.30254, 4.32317, 4.34325, 4.36277, 4.38173, 4.40014, 4.41799, 4.43529, 4.45205, 4.46013
0.00883194, -0.0765248, 0.0647949, -0.0572139, 0.0525837, 0.285478, 0.42393, 0.52762, 0.622119, 0.701724, 0.781945, 0.84967, 0.924515, 0.983977, 1.05148, 1.11473, 1.17446, 1.23663, 1.29385, 1.35185, 1.40848, 1.46559, 1.51811, 1.57547, 1.62933, 1.683, 1.73592, 1.78842, 1.84058, 1.89208, 1.94333, 1.99386, 2.04389, 2.0935, 2.14303, 2.19141, 2.23958, 2.28814, 2.33596, 2.3826, 2.42941, 2.47655, 2.51936, 2.56138, 2.60306, 2.64434, 2.68523, 2.72573, 2.76583, 2.80553, 2.84483, 2.8837, 2.92216, 2.9602, 2.99781, 3.03498, 3.07171, 3.108, 3.14384, 3.17922, 3.21415, 3.24862, 3.28262, 3.31615, 3.3492, 3.38178, 3.41388, 3.44549, 3.47662, 3.50726, 3.5374, 3.56708, 3.59621, 3.62486, 3.653, 3.68064, 3.70776, 3.73438, 3.76049, 3.78608, 3.81115, 3.83571, 3.85975, 3.88328, 3.90628, 3.92876, 3.95072, 3.97216, 3.99303, 4.01346, 4.03331, 4.05268, 4.07148, 4.0898, 4.10757, 4.12485, 4.14157, 4.15781, 4.17341, 4.18106
0.00828286, -0.0717673, 0.0607667, -0.053657, 0.0493146, 0.267766, 0.397568, 0.494803, 0.583364, 0.658003, 0.733159, 0.796659, 0.866752, 0.922526, 0.985704, 1.04507, 1.10098, 1.15926, 1.21276, 1.2673, 1.32, 1.37378, 1.42287, 1.47681, 1.52713, 1.57739, 1.627, 1.67617, 1.72512, 1.77316, 1.8213, 1.86865, 1.91545, 1.96211, 2.00853, 2.05347, 2.09866, 2.14442, 2.18904, 2.23333, 2.2766, 2.32005, 2.36366, 2.40241, 2.44143, 2.48016, 2.51851, 2.5565, 2.59412, 2.63136, 2.66822, 2.70468, 2.74076, 2.77644, 2.81171, 2.84658, 2.88104, 2.91507, 2.94869, 2.98189, 3.01465, 3.04698, 3.07888, 3.11033, 3.14134, 3.1719, 3.20201, 3.23167, 3.26087, 3.28961, 3.3179, 3.34554, 3.37295, 3.39979, 3.42621, 3.45213, 3.47758, 3.50255, 3.52704, 3.55105, 3.57457, 3.59762, 3.62017, 3.64224, 3.66382, 3.68492, 3.70552, 3.72564, 3.74551, 3.76445, 3.78326, 3.80128, 3.81907, 3.83614, 3.85293, 3.86902, 3.88485, 3.89995, 3.91525, 3.92204
0.00777241, -0.0673445, 0.0570218, -0.0503502, 0.0462755, 0.2512, 0.372954, 0.464136, 0.54718, 0.61715, 0.687613, 0.747126, 0.812841, 0.865103, 0.924335, 0.979956, 1.03237, 1.08696, 1.13714, 1.18809, 1.23786, 1.288, 1.33404, 1.38454, 1.43171, 1.47882, 1.5253, 1.57142, 1.61721, 1.66242, 1.70737, 1.75176, 1.79557, 1.83934, 1.88264, 1.92514, 1.96747, 2.00984, 2.05207, 2.09296, 2.13427, 2.17492, 2.21521, 2.25322, 2.28979, 2.32611, 2.36209, 2.39772, 2.433, 2.46792, 2.5025, 2.5367, 2.57054, 2.604, 2.63709, 2.66979, 2.70211, 2.73403, 2.76556, 2.7967, 2.82743, 2.85775, 2.88767, 2.91717, 2.94625, 2.97492, 3.00316, 3.03098, 3.05837, 3.08533, 3.1118, 3.13886, 3.16412, 3.18951, 3.21418, 3.23855, 3.26241, 3.28585, 3.30883, 3.33136, 3.35344, 3.37506, 3.39622, 3.41693, 3.43719, 3.45698, 3.47632, 3.49521, 3.51224, 3.53127, 3.54788, 3.56567, 3.58157, 3.59831, 3.61335, 3.62917, 3.64325, 3.65826, 3.67117, 3.67841
0.00729424, -0.0632013, 0.0535137, -0.0472526, 0.0434286, 0.235708, 0.349929, 0.435453, 0.513338, 0.578947, 0.645022, 0.700813, 0.762432, 0.811407, 0.866963, 0.919008, 0.968186, 1.01937, 1.06645, 1.11422, 1.16061, 1.20783, 1.25098, 1.29831, 1.34252, 1.38666, 1.43024, 1.47345, 1.51645, 1.55865, 1.60091, 1.64249, 1.68356, 1.72452, 1.76528, 1.80479, 1.84446, 1.88468, 1.92385, 1.96273, 2.00075, 2.03917, 2.07653, 2.11434, 2.14814, 2.18229, 2.21603, 2.24946, 2.28255, 2.3154, 2.34775, 2.37986, 2.4116, 2.443, 2.47404, 2.50472, 2.53504, 2.565, 2.59458, 2.62379, 2.65262, 2.68108, 2.70914, 2.73682, 2.76411, 2.79101, 2.81751, 2.84361, 2.86931, 2.8946, 2.91949, 2.94379, 2.96793, 2.99154, 3.0149, 3.03766, 3.06009, 3.08205, 3.10361, 3.12474, 3.14545, 3.16573, 3.18559, 3.20501, 3.22401, 3.24258, 3.26072, 3.27843, 3.29596, 3.31261, 3.32919, 3.34504, 3.36072, 3.37573, 3.39053, 3.40468, 3.41864, 3.43191, 3.44506, 3.45123
0.00684504, -0.0593092, 0.0502182, -0.0443427, 0.0407541, 0.221211, 0.328365, 0.40861, 0.481651, 0.543201, 0.605145, 0.657485, 0.715235, 0.76119, 0.813232, 0.862142, 0.908157, 0.956193, 1.00019, 1.04512, 1.08858, 1.13282, 1.17328, 1.21764, 1.25907, 1.30046, 1.34128, 1.38183, 1.42209, 1.4618, 1.50129, 1.54028, 1.57875, 1.61716, 1.65535, 1.69239, 1.72966, 1.76704, 1.80404, 1.84036, 1.87614, 1.91213, 1.94712, 1.98233, 2.01537, 2.04726, 2.07893, 2.11029, 2.14135, 2.17207, 2.20252, 2.23262, 2.2624, 2.29186, 2.32098, 2.34976, 2.37821, 2.40631, 2.43406, 2.46147, 2.48852, 2.51521, 2.54154, 2.56751, 2.59311, 2.61834, 2.6432, 2.66768, 2.69179, 2.71552, 2.73887, 2.76186, 2.78443, 2.80662, 2.8284, 2.84982, 2.87083, 2.89145, 2.91167, 2.9315, 2.95093, 2.96996, 2.98858, 3.00681, 3.02463, 3.04205, 3.05907, 3.07566, 3.09184, 3.10767, 3.12305, 3.13806, 3.15264, 3.16684, 3.18062, 3.19401, 3.20698, 3.21957, 3.23173, 3.23763
0.00642411, -0.0556621, 0.0471301, -0.0416159, 0.038248, 0.207621, 0.308157, 0.383461, 0.451962, 0.509715, 0.567787, 0.616902, 0.67102, 0.714161, 0.762899, 0.808787, 0.851931, 0.896923, 0.93831, 0.98028, 1.02108, 1.06257, 1.10051, 1.14208, 1.18095, 1.21968, 1.25813, 1.29602, 1.33378, 1.371, 1.40802, 1.44459, 1.48062, 1.51665, 1.55237, 1.58729, 1.62216, 1.65716, 1.69178, 1.7259, 1.75942, 1.79313, 1.82615, 1.8586, 1.89169, 1.92112, 1.95091, 1.98033, 2.00948, 2.03833, 2.06688, 2.09514, 2.12309, 2.15073, 2.17806, 2.20508, 2.23177, 2.25815, 2.28419, 2.30991, 2.3353, 2.36035, 2.38506, 2.40943, 2.43345, 2.45717, 2.48049, 2.50348, 2.5261, 2.54837, 2.57029, 2.59184, 2.61303, 2.63386, 2.65432, 2.67441, 2.69413, 2.71349, 2.73247, 2.75108, 2.76931, 2.78718, 2.80466, 2.82177, 2.83849, 2.85485, 2.87082, 2.88662, 2.90169, 2.91664, 2.93101, 2.94517, 2.9588, 2.97219, 2.98507, 2.9977, 3.00982, 3.0217, 3.03305, 3.03863
0.00603134, -0.0522589, 0.0442485, -0.0390714, 0.0359095, 0.19486, 0.289215, 0.359853, 0.424133, 0.478285, 0.532778, 0.578811, 0.6296, 0.67, 0.715787, 0.758698, 0.799223, 0.841405, 0.880206, 0.919551, 0.957854, 0.996701, 1.0323, 1.07125, 1.10772, 1.144, 1.18006, 1.21556, 1.25102, 1.2858, 1.32063, 1.35478, 1.38867, 1.4224, 1.45596, 1.48851, 1.52124, 1.55415, 1.58664, 1.61858, 1.65002, 1.68163, 1.71256, 1.7431, 1.77369, 1.80293, 1.83068, 1.85832, 1.88566, 1.91274, 1.93954, 1.96605, 1.99228, 2.01822, 2.04387, 2.06922, 2.09427, 2.11902, 2.14346, 2.1676, 2.19142, 2.21493, 2.23812, 2.26099, 2.2836, 2.30555, 2.32753, 2.34907, 2.37031, 2.39121, 2.41173, 2.43197, 2.45185, 2.47139, 2.49059, 2.50945, 2.52795, 2.54612, 2.56393, 2.58139, 2.5985, 2.61526, 2.63167, 2.64773, 2.66343, 2.67877, 2.69377, 2.70836, 2.72271, 2.73658, 2.75019, 2.76337, 2.77626, 2.78873, 2.8009, 2.81266, 2.82413, 2.83518, 2.84595, 2.85112
0.00565988, -0.0490404, 0.0415234, -0.0366651, 0.0336979, 0.182893, 0.271418, 0.337708, 0.397994, 0.448808, 0.499898, 0.543094, 0.590692, 0.628617, 0.671502, 0.711795, 0.749728, 0.789363, 0.825607, 0.862737, 0.898202, 0.934934, 0.968266, 1.00487, 1.03888, 1.07302, 1.10681, 1.1401, 1.17334, 1.20597, 1.23861, 1.27064, 1.30242, 1.33402, 1.36547, 1.39599, 1.42669, 1.45752, 1.48797, 1.51792, 1.5474, 1.57706, 1.60597, 1.63474, 1.66316, 1.69181, 1.71754, 1.74351, 1.76916, 1.79457, 1.81971, 1.84458, 1.86919, 1.89353, 1.91759, 1.94138, 1.96488, 1.9881, 2.01104, 2.03368, 2.05603, 2.07809, 2.09984, 2.12133, 2.14219, 2.16318, 2.18368, 2.20392, 2.22384, 2.24343, 2.26305, 2.2819, 2.30061, 2.31893, 2.33695, 2.35464, 2.37201, 2.38905, 2.40577, 2.42216, 2.43821, 2.45394, 2.46934, 2.48441, 2.49914, 2.51354, 2.52761, 2.54135, 2.55445, 2.56775, 2.58029, 2.59286, 2.60478, 2.61664, 2.62791, 2.63911, 2.6497, 2.66025, 2.67014, 2.67512
0.00531239, -0.0460295, 0.038974, -0.034414, 0.031629, 0.171638, 0.254704, 0.316899, 0.37345, 0.421112, 0.469027, 0.509537, 0.55417, 0.589735, 0.629945, 0.667756, 0.703326, 0.740388, 0.774523, 0.809081, 0.842867, 0.876898, 0.9082, 0.942444, 0.974471, 1.00642, 1.03794, 1.06928, 1.1004, 1.13108, 1.16163, 1.19163, 1.22147, 1.25107, 1.28048, 1.30927, 1.33789, 1.3668, 1.39536, 1.42344, 1.45106, 1.47886, 1.50606, 1.53295, 1.55961, 1.58641, 1.61162, 1.63585, 1.65994, 1.68378, 1.70737, 1.73071, 1.7538, 1.77663, 1.79921, 1.82153, 1.84358, 1.86537, 1.88689, 1.90814, 1.92911, 1.94981, 1.97022, 1.99035, 2.01027, 2.0298, 2.04909, 2.06807, 2.08677, 2.10517, 2.1232, 2.14104, 2.15854, 2.17575, 2.19265, 2.20925, 2.22555, 2.24154, 2.25722, 2.2726, 2.28767, 2.30242, 2.31687, 2.33101, 2.34484, 2.35835, 2.37155, 2.38444, 2.39708, 2.40929, 2.42128, 2.43288, 2.44424, 2.45522, 2.46594, 2.4763, 2.4864, 2.49613, 2.50562, 2.51017
0.00498403, -0.0431844, 0.036565, -0.0322869, 0.029674, 0.161061, 0.238979, 0.297331, 0.350363, 0.395073, 0.439993, 0.477994, 0.519824, 0.553192, 0.59086, 0.626312, 0.659679, 0.694401, 0.726429, 0.75878, 0.790425, 0.822378, 0.851716, 0.883827, 0.913825, 0.94378, 0.973342, 1.0027, 1.03188, 1.06063, 1.08928, 1.11738, 1.14543, 1.17306, 1.20079, 1.2273, 1.25518, 1.28152, 1.30835, 1.3346, 1.36074, 1.38659, 1.4121, 1.43727, 1.46243, 1.4872, 1.51195, 1.53436, 1.55701, 1.57935, 1.60148, 1.62337, 1.64503, 1.66645, 1.68763, 1.70856, 1.72925, 1.74969, 1.76987, 1.7898, 1.80947, 1.82888, 1.84803, 1.86692, 1.88552, 1.90388, 1.92196, 1.93977, 1.95731, 1.97456, 1.99156, 2.00826, 2.02468, 2.04082, 2.05668, 2.0723, 2.08756, 2.10257, 2.11728, 2.1317, 2.14584, 2.15968, 2.17323, 2.18649, 2.19946, 2.21214, 2.22452, 2.23661, 2.24839, 2.2599, 2.2711, 2.28203, 2.29264, 2.30297, 2.313, 2.32275, 2.33219, 2.34135, 2.35021, 2.3545
0.00467719, -0.0405258, 0.0343139, -0.0302992, 0.0278471, 0.151093, 0.224194, 0.278911, 0.328656, 0.370567, 0.4127, 0.448307, 0.487545, 0.518793, 0.554147, 0.587319, 0.618586, 0.651233, 0.681079, 0.711693, 0.740868, 0.77113, 0.79859, 0.828746, 0.856755, 0.884848, 0.912696, 0.94009, 0.967472, 0.994344, 1.02124, 1.04765, 1.07368, 1.09981, 1.12566, 1.15087, 1.17591, 1.20147, 1.22652, 1.2512, 1.27542, 1.29991, 1.32368, 1.34758, 1.37082, 1.39431, 1.41678, 1.43932, 1.46032, 1.48132, 1.50207, 1.52261, 1.54292, 1.56301, 1.58288, 1.60251, 1.62191, 1.64108, 1.66001, 1.67871, 1.69716, 1.71537, 1.73333, 1.75104, 1.76851, 1.78572, 1.80268, 1.81939, 1.83583, 1.85202, 1.86795, 1.88361, 1.89902, 1.91416, 1.92903, 1.94363, 1.95797, 1.97204, 1.98584, 1.99936, 2.01262, 2.02561, 2.03832, 2.05076, 2.06292, 2.07481, 2.08643, 2.09777, 2.10883, 2.11962, 2.13014, 2.14037, 2.15034, 2.16002, 2.16944, 2.17857, 2.18744, 2.19603, 2.20434, 2.20836
0.0043863, -0.0380053, 0.0321798, -0.0284147, 0.0261152, 0.141714, 0.210259, 0.261577, 0.308205, 0.347508, 0.386988, 0.42038, 0.457134, 0.486449, 0.519542, 0.55068, 0.579996, 0.610467, 0.638627, 0.66699, 0.694888, 0.722846, 0.748672, 0.77676, 0.80319, 0.829493, 0.855411, 0.881211, 0.906817, 0.932105, 0.957203, 0.98203, 1.00639, 1.03084, 1.05506, 1.07866, 1.10234, 1.12606, 1.14953, 1.17266, 1.1954, 1.2183, 1.2406, 1.26292, 1.28478, 1.30676, 1.32785, 1.34933, 1.36897, 1.38866, 1.40811, 1.42736, 1.4464, 1.46524, 1.48386, 1.50226, 1.52045, 1.53842, 1.55616, 1.57369, 1.59099, 1.60805, 1.62489, 1.6415, 1.65787, 1.674, 1.6899, 1.70555, 1.72097, 1.73615, 1.75108, 1.76576, 1.7802, 1.79439, 1.80833, 1.82203, 1.83547, 1.84866, 1.86159, 1.87427, 1.8867, 1.89887, 1.91078, 1.92244, 1.93384, 1.94499, 1.95587, 1.9665, 1.97687, 1.98698, 1.99684, 2.00643, 2.01577, 2.02485, 2.03367, 2.04224, 2.05054, 2.05859, 2.06639, 2.07016
0.00411241, -0.0356322, 0.0301704, -0.0266405, 0.0244846, 0.132873, 0.197129, 0.245235, 0.288938, 0.325773, 0.362769, 0.394059, 0.428497, 0.45596, 0.486967, 0.516135, 0.543582, 0.572172, 0.598466, 0.625184, 0.651062, 0.677437, 0.701557, 0.728003, 0.752658, 0.777288, 0.801605, 0.825739, 0.84974, 0.873388, 0.896965, 0.920117, 0.943158, 0.965869, 0.988649, 1.01049, 1.03331, 1.05503, 1.07707, 1.09869, 1.12016, 1.14144, 1.1624, 1.18326, 1.20378, 1.22436, 1.24389, 1.26505, 1.28328, 1.30177, 1.32, 1.33805, 1.3559, 1.37355, 1.39101, 1.40826, 1.42531, 1.44216, 1.4588, 1.47522, 1.49142, 1.50743, 1.52321, 1.53878, 1.55412, 1.56925, 1.58415, 1.59885, 1.6133, 1.62752, 1.64152, 1.65529, 1.66882, 1.68213, 1.69517, 1.70802, 1.72062, 1.73298, 1.74511, 1.757, 1.76865, 1.78006, 1.79123, 1.80216, 1.81285, 1.8233, 1.8335, 1.84347, 1.85319, 1.86267, 1.87191, 1.88091, 1.88966, 1.89818, 1.90645, 1.91448, 1.92227, 1.92982, 1.93712, 1.94066
0.00385507, -0.0334025, 0.0282825, -0.0249734, 0.0229524, 0.124529, 0.184754, 0.229825, 0.27078, 0.30528, 0.339948, 0.369244, 0.401517, 0.427214, 0.45629, 0.48355, 0.509268, 0.536089, 0.560636, 0.585774, 0.609802, 0.634631, 0.657212, 0.681976, 0.70501, 0.728095, 0.750967, 0.773483, 0.79596, 0.818096, 0.840069, 0.861831, 0.883384, 0.904704, 0.92601, 0.946503, 0.96775, 0.988181, 1.00882, 1.02904, 1.04911, 1.06908, 1.08865, 1.10824, 1.12738, 1.14671, 1.16507, 1.18453, 1.20196, 1.21918, 1.23627, 1.25317, 1.26989, 1.28642, 1.30277, 1.31892, 1.33489, 1.35067, 1.36625, 1.38161, 1.39699, 1.41192, 1.42672, 1.44129, 1.45567, 1.46983, 1.4838, 1.49733, 1.51094, 1.52423, 1.53735, 1.55024, 1.56291, 1.57536, 1.58784, 1.59975, 1.6116, 1.62316, 1.63453, 1.64562, 1.658, 1.66786, 1.67883, 1.68876, 1.69898, 1.70864, 1.7183, 1.72757, 1.73674, 1.74558, 1.75428, 1.76268, 1.77091, 1.77887, 1.78665, 1.79415, 1.80148, 1.80852, 1.81541, 1.8187
0.00361045, -0.0312829, 0.0264878, -0.0233887, 0.021496, 0.116664, 0.173067, 0.215295, 0.253638, 0.285961, 0.318406, 0.345857, 0.376044, 0.400139, 0.427309, 0.452893, 0.476954, 0.501992, 0.525071, 0.548432, 0.571211, 0.594259, 0.615409, 0.638559, 0.660204, 0.68178, 0.703057, 0.724228, 0.745251, 0.765988, 0.786652, 0.806967, 0.82708, 0.84706, 0.866904, 0.886373, 0.905609, 0.925187, 0.944422, 0.963439, 0.982047, 1.00087, 1.01918, 1.0375, 1.05544, 1.07351, 1.09072, 1.1088, 1.12628, 1.14268, 1.15866, 1.17451, 1.19018, 1.20568, 1.221, 1.23615, 1.25111, 1.26591, 1.28048, 1.29513, 1.30726, 1.32184, 1.33552, 1.34921, 1.36265, 1.37593, 1.38882, 1.40407, 1.41592, 1.42872, 1.44089, 1.45302, 1.46488, 1.47668, 1.48545, 1.49793, 1.50839, 1.51951, 1.52999, 1.5405, 1.55022, 1.56049, 1.57011, 1.57979, 1.58908, 1.59828, 1.60719, 1.61594, 1.62444, 1.63275, 1.64083, 1.64872, 1.65637, 1.66383, 1.67107, 1.67811, 1.68491, 1.69153, 1.69792, 1.70102
0.00338189, -0.0293025, 0.024811, -0.0219081, 0.0201352, 0.109224, 0.162047, 0.201563, 0.237473, 0.267707, 0.298096, 0.323757, 0.352043, 0.374538, 0.400033, 0.423886, 0.446435, 0.469867, 0.491448, 0.513319, 0.534662, 0.556145, 0.57603, 0.597559, 0.617843, 0.638077, 0.657978, 0.677758, 0.697425, 0.716819, 0.736123, 0.755149, 0.773962, 0.792671, 0.811209, 0.829388, 0.847523, 0.865715, 0.883788, 0.901325, 0.919042, 0.936526, 0.953685, 0.97079, 0.98757, 1.00448, 1.02057, 1.03755, 1.05342, 1.06929, 1.08414, 1.09898, 1.11364, 1.12814, 1.14248, 1.15665, 1.17065, 1.18449, 1.19816, 1.21158, 1.22556, 1.23853, 1.25155, 1.26433, 1.27694, 1.28937, 1.30167, 1.31299, 1.32512, 1.3367, 1.34824, 1.35953, 1.37065, 1.38154, 1.39312, 1.40329, 1.41382, 1.42389, 1.4339, 1.44365, 1.45337, 1.46267, 1.4719, 1.48085, 1.48966, 1.49823, 1.50663, 1.51482, 1.52281, 1.5306, 1.5382, 1.5456, 1.5528, 1.55979, 1.56659, 1.57319, 1.5796, 1.58576, 1.59182, 1.5947
0.0031631, -0.0274069, 0.0232059, -0.0204908, 0.0188325, 0.102211, 0.151622, 0.188607, 0.222188, 0.250488, 0.278893, 0.302918, 0.329341, 0.350418, 0.374207, 0.396557, 0.417604, 0.439569, 0.459664, 0.480249, 0.49989, 0.520254, 0.53871, 0.559016, 0.577868, 0.596725, 0.615472, 0.633896, 0.65229, 0.670406, 0.688396, 0.706211, 0.723859, 0.741287, 0.758804, 0.775448, 0.793, 0.809603, 0.826476, 0.843091, 0.859457, 0.875786, 0.891833, 0.907856, 0.923568, 0.93933, 0.954388, 0.970217, 0.985331, 1.00031, 1.0143, 1.02818, 1.04189, 1.05546, 1.06887, 1.08213, 1.09523, 1.10818, 1.12096, 1.13361, 1.14585, 1.1582, 1.17031, 1.18228, 1.19406, 1.20569, 1.21712, 1.22864, 1.23966, 1.25062, 1.26137, 1.27195, 1.28235, 1.29258, 1.30235, 1.31234, 1.32196, 1.33149, 1.34079, 1.34993, 1.35883, 1.36762, 1.37619, 1.3846, 1.3928, 1.40083, 1.40867, 1.41633, 1.42379, 1.43108, 1.43818, 1.44509, 1.45181, 1.45835, 1.46471, 1.47087, 1.47686, 1.48318, 1.48819, 1.49127
0.00295794, -0.0256292, 0.0217007, -0.0191617, 0.017611, 0.095572, 0.141778, 0.176359, 0.207757, 0.23421, 0.260766, 0.283218, 0.307919, 0.327613, 0.349852, 0.370752, 0.390424, 0.410906, 0.429728, 0.448864, 0.467488, 0.486291, 0.503596, 0.522483, 0.540183, 0.557833, 0.575199, 0.592498, 0.60967, 0.626615, 0.643497, 0.660111, 0.676513, 0.692885, 0.709023, 0.725012, 0.740641, 0.756604, 0.772435, 0.787742, 0.803194, 0.818499, 0.833465, 0.848444, 0.863062, 0.877848, 0.8919, 0.906741, 0.920583, 0.93473, 0.948166, 0.961072, 0.973905, 0.986584, 0.999122, 1.01151, 1.02376, 1.03586, 1.04781, 1.0596, 1.07132, 1.08279, 1.09414, 1.10532, 1.11634, 1.1272, 1.13791, 1.14838, 1.15878, 1.16899, 1.17905, 1.18893, 1.19866, 1.20821, 1.21769, 1.22686, 1.23593, 1.2448, 1.25352, 1.26206, 1.27044, 1.27863, 1.28665, 1.2945, 1.30218, 1.30968, 1.31702, 1.32417, 1.33116, 1.33797, 1.3446, 1.35107, 1.35735, 1.36347, 1.36941, 1.37518, 1.38077, 1.38601, 1.39147, 1.39388
0.00276337, -0.0239434, 0.0202733, -0.0179013, 0.0164526, 0.0892971, 0.132468, 0.164778, 0.19411, 0.218823, 0.243628, 0.2646, 0.287668, 0.30606, 0.32683, 0.346334, 0.364712, 0.383835, 0.40142, 0.4193, 0.436607, 0.454231, 0.47037, 0.488026, 0.504527, 0.520993, 0.537258, 0.553377, 0.56941, 0.585225, 0.600957, 0.61648, 0.631828, 0.647053, 0.662303, 0.676857, 0.692062, 0.706574, 0.721331, 0.735842, 0.750004, 0.764332, 0.778357, 0.792186, 0.805989, 0.819757, 0.832885, 0.846721, 0.859751, 0.872804, 0.885909, 0.89783, 0.909844, 0.921685, 0.933399, 0.944977, 0.956418, 0.967721, 0.978884, 0.98991, 1.00076, 1.01151, 1.0221, 1.03254, 1.04284, 1.05299, 1.06299, 1.07286, 1.08255, 1.0921, 1.10149, 1.11073, 1.11981, 1.12874, 1.13748, 1.1461, 1.15455, 1.16285, 1.17098, 1.17896, 1.18677, 1.19443, 1.20193, 1.20926, 1.21643, 1.22344, 1.23029, 1.23698, 1.2435, 1.24986, 1.25606, 1.2621, 1.26797, 1.27368, 1.27923, 1.28462, 1.28985, 1.29497, 1.2998, 1.30222
0.00257854, -0.0223419, 0.0189173, -0.016704, 0.0153522, 0.083365, 0.123657, 0.153829, 0.181199, 0.204278, 0.227415, 0.247004, 0.268509, 0.2857, 0.305041, 0.323281, 0.340389, 0.358265, 0.374631, 0.391366, 0.407393, 0.423929, 0.438972, 0.455465, 0.470797, 0.486213, 0.501364, 0.516403, 0.53138, 0.546076, 0.560821, 0.575239, 0.589586, 0.603799, 0.617994, 0.631637, 0.645759, 0.659297, 0.673087, 0.68651, 0.699927, 0.713175, 0.726247, 0.739195, 0.752053, 0.764871, 0.777128, 0.790004, 0.802302, 0.814298, 0.82634, 0.838092, 0.849191, 0.860265, 0.871194, 0.882001, 0.89268, 0.90323, 0.913649, 0.923936, 0.934101, 0.944119, 0.954005, 0.963754, 0.973366, 0.982839, 0.992174, 1.00136, 1.01041, 1.01932, 1.02809, 1.03671, 1.04518, 1.05351, 1.06171, 1.06975, 1.07764, 1.08538, 1.09298, 1.10042, 1.10772, 1.11486, 1.12186, 1.1287, 1.1354, 1.14194, 1.14833, 1.15458, 1.16067, 1.16661, 1.17239, 1.17803, 1.18351, 1.18884, 1.19402, 1.19905, 1.20393, 1.20863, 1.21323, 1.21543
0.00240554, -0.0208429, 0.0176481, -0.0155833, 0.0143221, 0.0777396, 0.115331, 0.143459, 0.168997, 0.190505, 0.212096, 0.230341, 0.250417, 0.266409, 0.284487, 0.301425, 0.317417, 0.334065, 0.349334, 0.364913, 0.379889, 0.395269, 0.4093, 0.42465, 0.438983, 0.45328, 0.467493, 0.481462, 0.495395, 0.509152, 0.522761, 0.536302, 0.549656, 0.562899, 0.576145, 0.588822, 0.602026, 0.614623, 0.627464, 0.64001, 0.652441, 0.664824, 0.677009, 0.689057, 0.701047, 0.712999, 0.72442, 0.736429, 0.747844, 0.759095, 0.770303, 0.781548, 0.791831, 0.80217, 0.812358, 0.822436, 0.832393, 0.842231, 0.851946, 0.86154, 0.871005, 0.88035, 0.889568, 0.898658, 0.907621, 0.916454, 0.925157, 0.933733, 0.942171, 0.950479, 0.958653, 0.966692, 0.974597, 0.982365, 0.989993, 0.99749, 1.00485, 1.01207, 1.01915, 1.02609, 1.03289, 1.03956, 1.04608, 1.05246, 1.0587, 1.0648, 1.07077, 1.07646, 1.08223, 1.08769, 1.09315, 1.09835, 1.10351, 1.10843, 1.1133, 1.11795, 1.12254, 1.12691, 1.13122, 1.13326
0.00224005, -0.019409, 0.0164339, -0.0145112, 0.0133368, 0.0724237, 0.107439, 0.133652, 0.157437, 0.177482, 0.197584, 0.21459, 0.233274, 0.248188, 0.264996, 0.280821, 0.295681, 0.311168, 0.325412, 0.339873, 0.353927, 0.36816, 0.381233, 0.39551, 0.408875, 0.422218, 0.435343, 0.448406, 0.461398, 0.474143, 0.486957, 0.499454, 0.511886, 0.52425, 0.536482, 0.548508, 0.560355, 0.572413, 0.584304, 0.596021, 0.607509, 0.619112, 0.630445, 0.641673, 0.652798, 0.663955, 0.674577, 0.685785, 0.696268, 0.706947, 0.717245, 0.727847, 0.737643, 0.747232, 0.756732, 0.766118, 0.775394, 0.784557, 0.793608, 0.802544, 0.811366, 0.82007, 0.828657, 0.837125, 0.845474, 0.853702, 0.861809, 0.869793, 0.877656, 0.885394, 0.893008, 0.900497, 0.90786, 0.915097, 0.922209, 0.92919, 0.936045, 0.94277, 0.949366, 0.955833, 0.962171, 0.968378, 0.974454, 0.9804, 0.986215, 0.991898, 0.99745, 1.00292, 1.00817, 1.01336, 1.01836, 1.02328, 1.02802, 1.03267, 1.03715, 1.04154, 1.04576, 1.04988, 1.05384, 1.05577
0.00208431, -0.0180596, 0.0152914, -0.0135023, 0.0124096, 0.0673838, 0.0999729, 0.124362, 0.1465, 0.165146, 0.183857, 0.199671, 0.217063, 0.230923, 0.246579, 0.261263, 0.275118, 0.289512, 0.302756, 0.316198, 0.329287, 0.342516, 0.354673, 0.367954, 0.380371, 0.392771, 0.405017, 0.417141, 0.429214, 0.441121, 0.452931, 0.464641, 0.476167, 0.487656, 0.499065, 0.510179, 0.521348, 0.532427, 0.543543, 0.554286, 0.565162, 0.575857, 0.586406, 0.59684, 0.607198, 0.617561, 0.627444, 0.637854, 0.647655, 0.65751, 0.667147, 0.676902, 0.686252, 0.695127, 0.703973, 0.712703, 0.721332, 0.729856, 0.738276, 0.746588, 0.754793, 0.76289, 0.770878, 0.778755, 0.786522, 0.794176, 0.801717, 0.809146, 0.816459, 0.823658, 0.83074, 0.837707, 0.844556, 0.851288, 0.8579, 0.864396, 0.870771, 0.877027, 0.883163, 0.889178, 0.895073, 0.900846, 0.906499, 0.912029, 0.917438, 0.922724, 0.927889, 0.93291, 0.937845, 0.94263, 0.947314, 0.951858, 0.956295, 0.960595, 0.964786, 0.968842, 0.97279, 0.976602, 0.980307, 0.98209
0.00193602, -0.0167747, 0.0142035, -0.0125417, 0.0115267, 0.0626142, 0.092897, 0.115567, 0.136138, 0.153471, 0.170853, 0.185554, 0.201706, 0.214593, 0.229125, 0.242787, 0.255635, 0.26901, 0.281328, 0.293808, 0.30592, 0.318247, 0.329541, 0.34187, 0.35341, 0.364924, 0.376285, 0.387555, 0.398768, 0.409774, 0.420828, 0.431622, 0.442378, 0.45303, 0.46367, 0.473845, 0.484543, 0.494603, 0.50492, 0.515039, 0.524999, 0.534949, 0.544741, 0.554428, 0.564072, 0.57367, 0.582856, 0.592499, 0.601727, 0.610704, 0.619743, 0.628717, 0.637808, 0.645962, 0.654202, 0.66231, 0.670331, 0.678252, 0.686077, 0.693802, 0.701428, 0.708953, 0.716376, 0.723697, 0.730914, 0.738027, 0.745036, 0.751939, 0.758736, 0.765426, 0.772008, 0.778482, 0.784848, 0.791104, 0.79725, 0.803286, 0.809212, 0.815026, 0.820728, 0.826319, 0.831797, 0.837163, 0.842416, 0.847556, 0.852583, 0.857496, 0.862296, 0.866991, 0.871557, 0.87602, 0.880361, 0.884595, 0.888709, 0.892716, 0.896603, 0.900382, 0.904042, 0.907594, 0.911028, 0.912692
0.00179619, -0.0155632, 0.0131776, -0.0116358, 0.0106942, 0.0580917, 0.0861979, 0.107234, 0.126328, 0.14241, 0.158544, 0.172181, 0.187174, 0.199122, 0.212616, 0.225272, 0.237214, 0.249615, 0.261019, 0.272627, 0.283859, 0.295277, 0.305752, 0.317189, 0.327887, 0.338566, 0.349109, 0.359557, 0.369955, 0.380183, 0.390396, 0.400442, 0.41039, 0.420294, 0.430094, 0.439742, 0.449179, 0.458865, 0.468388, 0.477736, 0.486997, 0.496241, 0.505321, 0.514311, 0.523212, 0.532151, 0.540659, 0.549637, 0.558008, 0.566595, 0.574845, 0.583273, 0.591366, 0.599386, 0.606939, 0.614481, 0.621918, 0.629269, 0.636528, 0.643695, 0.650769, 0.657751, 0.664637, 0.671429, 0.678125, 0.684725, 0.691227, 0.697631, 0.703937, 0.710144, 0.71625, 0.722257, 0.728162, 0.733966, 0.739668, 0.745268, 0.750765, 0.756159, 0.761449, 0.766636, 0.771718, 0.776696, 0.78157, 0.786338, 0.791001, 0.795559, 0.800012, 0.804356, 0.8086, 0.812734, 0.816766, 0.82069, 0.82451, 0.828223, 0.831832, 0.835334, 0.838733, 0.842025, 0.845214, 0.846755
0.0016634, -0.0144126, 0.0122034, -0.0107756, 0.00990355, 0.0538081, 0.0798492, 0.0993391, 0.117033, 0.131932, 0.146884, 0.159514, 0.173408, 0.18447, 0.196978, 0.208689, 0.219746, 0.23123, 0.241822, 0.252525, 0.262987, 0.273517, 0.283247, 0.293783, 0.303725, 0.313617, 0.323371, 0.333055, 0.342668, 0.352164, 0.361602, 0.370916, 0.380131, 0.389247, 0.398367, 0.407238, 0.416163, 0.425018, 0.433836, 0.442416, 0.451056, 0.459611, 0.468007, 0.476284, 0.484616, 0.492842, 0.50073, 0.509024, 0.516857, 0.524695, 0.53239, 0.540156, 0.547747, 0.555311, 0.562274, 0.569269, 0.576157, 0.582967, 0.589692, 0.596332, 0.602886, 0.609354, 0.615734, 0.622027, 0.62823, 0.634344, 0.640368, 0.646301, 0.652143, 0.657893, 0.663551, 0.669116, 0.674587, 0.679964, 0.685247, 0.690435, 0.695528, 0.700525, 0.705426, 0.710231, 0.71494, 0.719552, 0.724067, 0.728485, 0.732805, 0.737028, 0.741154, 0.745183, 0.749112, 0.752945, 0.756679, 0.760316, 0.763854, 0.767295, 0.770638, 0.773884, 0.777032, 0.780083, 0.783036, 0.784465
0.0015371, -0.0133183, 0.0112768, -0.00995742, 0.00915155, 0.0497518, 0.073831, 0.0918633, 0.108224, 0.122012, 0.135833, 0.147524, 0.160361, 0.170607, 0.182153, 0.19301, 0.20322, 0.213842, 0.223616, 0.233538, 0.243146, 0.252941, 0.261899, 0.271711, 0.280853, 0.289991, 0.299015, 0.307958, 0.316864, 0.325595, 0.334361, 0.342932, 0.351466, 0.359939, 0.368373, 0.376455, 0.384915, 0.392947, 0.401101, 0.409131, 0.417039, 0.424924, 0.43268, 0.440469, 0.448009, 0.455652, 0.462941, 0.470592, 0.47791, 0.485038, 0.492215, 0.499357, 0.506418, 0.513312, 0.519986, 0.526405, 0.532786, 0.539081, 0.5453, 0.55144, 0.557501, 0.563482, 0.569382, 0.5752, 0.580937, 0.586591, 0.592161, 0.597648, 0.60305, 0.608367, 0.613599, 0.618745, 0.623804, 0.628776, 0.633662, 0.638459, 0.643168, 0.64779, 0.652322, 0.656765, 0.66112, 0.665384, 0.66956, 0.673645, 0.67764, 0.681545, 0.68536, 0.689084, 0.692719, 0.696262, 0.699715, 0.703078, 0.70635, 0.709532, 0.712624, 0.715625, 0.718536, 0.721357, 0.724089, 0.72541
0.00141764, -0.0122832, 0.0104004, -0.00918357, 0.00844032, 0.0459067, 0.0681298, 0.0847779, 0.0998799, 0.112611, 0.125367, 0.136163, 0.148008, 0.157471, 0.168119, 0.17814, 0.187556, 0.197377, 0.20637, 0.215571, 0.224365, 0.233442, 0.241718, 0.250749, 0.259175, 0.267618, 0.27598, 0.284208, 0.292406, 0.300508, 0.30851, 0.316482, 0.324347, 0.332137, 0.339917, 0.34743, 0.355137, 0.362617, 0.370136, 0.377493, 0.384825, 0.392112, 0.399251, 0.406383, 0.413415, 0.420445, 0.427169, 0.434243, 0.440902, 0.447831, 0.454122, 0.460804, 0.467281, 0.473561, 0.479798, 0.4857, 0.491592, 0.497399, 0.503137, 0.508802, 0.514393, 0.519911, 0.525355, 0.530723, 0.536015, 0.541232, 0.546371, 0.551433, 0.556417, 0.561322, 0.566149, 0.570896, 0.575564, 0.580151, 0.584658, 0.589083, 0.593428, 0.597691, 0.601872, 0.605972, 0.609988, 0.613923, 0.617774, 0.621543, 0.625228, 0.628831, 0.63235, 0.635786, 0.639138, 0.642407, 0.645592, 0.648694, 0.651712, 0.654647, 0.657498, 0.660266, 0.662951, 0.665553, 0.668073, 0.669291
0.00130548, -0.0113114, 0.00957756, -0.00845699, 0.00777256, 0.0422574, 0.062734, 0.0780613, 0.0919791, 0.1037, 0.115459, 0.125394, 0.136317, 0.145017, 0.154844, 0.164058, 0.172746, 0.181767, 0.19007, 0.198493, 0.206709, 0.21498, 0.222604, 0.230914, 0.238705, 0.246462, 0.254104, 0.261716, 0.26928, 0.276691, 0.284158, 0.291419, 0.298663, 0.305859, 0.312982, 0.319992, 0.326869, 0.333908, 0.340803, 0.347619, 0.354324, 0.36104, 0.367633, 0.374214, 0.380627, 0.387128, 0.393312, 0.399832, 0.405916, 0.412211, 0.418136, 0.424332, 0.429766, 0.438828, 0.441473, 0.447669, 0.452932, 0.458322, 0.463601, 0.468824, 0.473977, 0.479063, 0.48408, 0.489027, 0.493905, 0.498713, 0.503449, 0.508115, 0.512708, 0.51723, 0.521679, 0.526054, 0.530356, 0.534585, 0.538739, 0.542819, 0.546824, 0.550753, 0.554608, 0.558387, 0.56209, 0.565717, 0.569267, 0.572742, 0.57614, 0.579461, 0.582706, 0.585873, 0.588964, 0.591978, 0.594916, 0.597776, 0.600559, 0.603266, 0.605896, 0.608449, 0.610925, 0.613326, 0.615649, 0.616773
0.00118479, -0.0102657, 0.00869211, -0.00767514, 0.00705376, 0.0388831, 0.0575386, 0.0717044, 0.084487, 0.0952673, 0.106064, 0.115206, 0.125227, 0.133242, 0.142244, 0.150733, 0.158691, 0.167003, 0.17461, 0.182397, 0.189805, 0.197507, 0.2045, 0.212147, 0.219262, 0.226391, 0.233482, 0.24043, 0.247361, 0.254212, 0.260963, 0.267711, 0.274363, 0.280946, 0.287543, 0.29382, 0.300497, 0.306705, 0.313076, 0.319293, 0.325496, 0.331639, 0.337682, 0.343712, 0.349653, 0.355587, 0.361277, 0.367232, 0.372975, 0.378462, 0.384105, 0.389692, 0.395047, 0.401559, 0.405615, 0.411131, 0.416003, 0.420944, 0.425795, 0.430591, 0.435324, 0.439994, 0.444602, 0.449145, 0.453625, 0.45804, 0.46239, 0.466675, 0.470894, 0.475046, 0.479132, 0.48315, 0.487101, 0.490984, 0.494799, 0.498546, 0.502223, 0.505832, 0.509372, 0.512842, 0.516243, 0.519573, 0.522834, 0.526024, 0.529145, 0.532194, 0.535174, 0.538083, 0.540921, 0.543689, 0.546386, 0.549012, 0.551568, 0.554053, 0.556468, 0.558812, 0.561086, 0.563289, 0.565423, 0.566455
0.0010922, -0.00946343, 0.00801285, -0.00707535, 0.00650265, 0.0355622, 0.0527433, 0.0656758, 0.0774005, 0.0872711, 0.0971787, 0.105543, 0.114747, 0.122067, 0.13035, 0.138089, 0.145413, 0.153008, 0.16, 0.167088, 0.173985, 0.18096, 0.187373, 0.194369, 0.20091, 0.207437, 0.213891, 0.220279, 0.226638, 0.232887, 0.239129, 0.245265, 0.251358, 0.257397, 0.263425, 0.269253, 0.275157, 0.281023, 0.286792, 0.292552, 0.298173, 0.303789, 0.309355, 0.31489, 0.320277, 0.325754, 0.330957, 0.336428, 0.341601, 0.346786, 0.351848, 0.357019, 0.361722, 0.368691, 0.371513, 0.376794, 0.381206, 0.385747, 0.390189, 0.394585, 0.398922, 0.403203, 0.407425, 0.41159, 0.415695, 0.419742, 0.423729, 0.427655, 0.431522, 0.435327, 0.439072, 0.442755, 0.446376, 0.449935, 0.453432, 0.456865, 0.460236, 0.463544, 0.466788, 0.469969, 0.473086, 0.476139, 0.479127, 0.482052, 0.484912, 0.487708, 0.490439, 0.493105, 0.495707, 0.498244, 0.500716, 0.503124, 0.505467, 0.507745, 0.509958, 0.512108, 0.514192, 0.516213, 0.518168, 0.519115
0.00100309, -0.00869134, 0.00735911, -0.0064981, 0.00597222, 0.0324262, 0.0481944, 0.0599747, 0.0706829, 0.0797092, 0.0887559, 0.0964085, 0.104807, 0.111511, 0.119059, 0.126155, 0.132824, 0.139781, 0.146145, 0.152663, 0.158869, 0.165307, 0.17116, 0.177554, 0.183515, 0.189478, 0.195395, 0.201215, 0.207016, 0.212739, 0.218405, 0.224034, 0.229595, 0.235105, 0.240619, 0.245893, 0.251417, 0.256636, 0.261981, 0.267162, 0.27236, 0.277514, 0.282555, 0.287595, 0.292568, 0.297523, 0.30228, 0.307272, 0.312006, 0.316867, 0.321329, 0.326079, 0.330465, 0.336239, 0.339323, 0.344014, 0.348279, 0.352374, 0.356445, 0.360458, 0.364421, 0.368332, 0.372189, 0.375994, 0.379745, 0.383441, 0.387084, 0.390671, 0.394204, 0.39768, 0.401101, 0.404466, 0.407775, 0.411026, 0.414221, 0.417358, 0.420438, 0.42346, 0.426424, 0.42933, 0.432178, 0.434967, 0.437697, 0.440369, 0.442983, 0.445537, 0.448032, 0.450469, 0.452846, 0.455164, 0.457423, 0.459623, 0.461764, 0.463845, 0.465868, 0.467832, 0.469747, 0.471581, 0.473384, 0.474239
0.000908078, -0.00786809, 0.00666205, -0.00588259, 0.00540645, 0.0295197, 0.0438272, 0.0545749, 0.0643287, 0.0725474, 0.0807898, 0.0877565, 0.09541, 0.10151, 0.10839, 0.114853, 0.120926, 0.12725, 0.133058, 0.138966, 0.144673, 0.150493, 0.155823, 0.161643, 0.167073, 0.172507, 0.177873, 0.18318, 0.188463, 0.193663, 0.198839, 0.203947, 0.209007, 0.21403, 0.219027, 0.22387, 0.228816, 0.23365, 0.238466, 0.243229, 0.247918, 0.252595, 0.257194, 0.261799, 0.266291, 0.270828, 0.275153, 0.279698, 0.284, 0.288349, 0.292505, 0.296812, 0.300748, 0.306359, 0.308862, 0.313191, 0.317087, 0.320811, 0.324519, 0.328173, 0.331781, 0.335342, 0.338854, 0.342318, 0.345733, 0.349099, 0.352415, 0.355683, 0.358887, 0.362057, 0.36517, 0.368235, 0.371247, 0.374207, 0.377116, 0.379973, 0.382777, 0.385529, 0.388228, 0.390874, 0.393467, 0.396007, 0.398493, 0.400926, 0.403306, 0.405632, 0.407904, 0.410122, 0.412287, 0.414398, 0.416455, 0.418458, 0.420408, 0.422304, 0.424146, 0.425934, 0.427663, 0.429393, 0.430922, 0.431769
0.000815397, -0.00706505, 0.0059821, -0.0052822, 0.00485454, 0.0267869, 0.0396798, 0.0494684, 0.0583165, 0.0657746, 0.0732523, 0.0795754, 0.086518, 0.0920554, 0.0982939, 0.104157, 0.109666, 0.115409, 0.120669, 0.126044, 0.131185, 0.136489, 0.141321, 0.1466, 0.151522, 0.156446, 0.161325, 0.16613, 0.170919, 0.175641, 0.180322, 0.184964, 0.189553, 0.194098, 0.198656, 0.203008, 0.207545, 0.211877, 0.216335, 0.220556, 0.224842, 0.229087, 0.233266, 0.237414, 0.24151, 0.245604, 0.249531, 0.253642, 0.25758, 0.261385, 0.26528, 0.269145, 0.272776, 0.277606, 0.280122, 0.283965, 0.287583, 0.291004, 0.294357, 0.297675, 0.300947, 0.304178, 0.307364, 0.310506, 0.313605, 0.316658, 0.319667, 0.32263, 0.325556, 0.328425, 0.331252, 0.334032, 0.336765, 0.339451, 0.34209, 0.344682, 0.347227, 0.349724, 0.352173, 0.354574, 0.356927, 0.359231, 0.361488, 0.363695, 0.365855, 0.367965, 0.370027, 0.372043, 0.374006, 0.375923, 0.377789, 0.379608, 0.381377, 0.383098, 0.384769, 0.386393, 0.387972, 0.389467, 0.391008, 0.391685
0.000739785, -0.00640991, 0.00542738, -0.00479238, 0.00440445, 0.0241352, 0.0358286, 0.0446393, 0.0526351, 0.0593695, 0.0661299, 0.0718381, 0.0781171, 0.0831121, 0.0887585, 0.0940399, 0.0990298, 0.104209, 0.108973, 0.113803, 0.118494, 0.123251, 0.127616, 0.132382, 0.136831, 0.141271, 0.145673, 0.150016, 0.154342, 0.1586, 0.162834, 0.167016, 0.171157, 0.175267, 0.179363, 0.183321, 0.187375, 0.191344, 0.195224, 0.199188, 0.203009, 0.206815, 0.210594, 0.214364, 0.218027, 0.221751, 0.22529, 0.229007, 0.232537, 0.236062, 0.239497, 0.243012, 0.246246, 0.250795, 0.252885, 0.256414, 0.259604, 0.262817, 0.265816, 0.26882, 0.271774, 0.274691, 0.277569, 0.280407, 0.283206, 0.285964, 0.288681, 0.291358, 0.293988, 0.296584, 0.299136, 0.301647, 0.304115, 0.306542, 0.308925, 0.311266, 0.313566, 0.315821, 0.318033, 0.320201, 0.322327, 0.324409, 0.326447, 0.328441, 0.330392, 0.332298, 0.334162, 0.335801, 0.337709, 0.339333, 0.341105, 0.342673, 0.344336, 0.345829, 0.347397, 0.348803, 0.350286, 0.351613, 0.352987, 0.353608
0.000660202, -0.00572036, 0.00484353, -0.00427684, 0.00393058, 0.0216786, 0.032144, 0.0400811, 0.0472666, 0.0533231, 0.0593991, 0.0645347, 0.0701768, 0.0746733, 0.0797425, 0.084503, 0.0889772, 0.0936437, 0.0979101, 0.102282, 0.106443, 0.110756, 0.114679, 0.118963, 0.122956, 0.126959, 0.130914, 0.134813, 0.138699, 0.142529, 0.146331, 0.150096, 0.153821, 0.157512, 0.161195, 0.164738, 0.168416, 0.171919, 0.175533, 0.178965, 0.182448, 0.185907, 0.189283, 0.192651, 0.195983, 0.199295, 0.202481, 0.205821, 0.208982, 0.21224, 0.215235, 0.21837, 0.221569, 0.223705, 0.227602, 0.230354, 0.233346, 0.236216, 0.238915, 0.241614, 0.24427, 0.246893, 0.24948, 0.252032, 0.254547, 0.257027, 0.25947, 0.261876, 0.264249, 0.26658, 0.268875, 0.271132, 0.273352, 0.275533, 0.277677, 0.279782, 0.281847, 0.283875, 0.285864, 0.287814, 0.289725, 0.291597, 0.29343, 0.295224, 0.296978, 0.298692, 0.300367, 0.302129, 0.303631, 0.305263, 0.306719, 0.308249, 0.309642, 0.311084, 0.312401, 0.313764, 0.315001, 0.316278, 0.317452, 0.31805
0.000598406, -0.00518492, 0.00439017, -0.00387652, 0.00356282, 0.0192857, 0.0287447, 0.0357777, 0.0422037, 0.0476141, 0.0530516, 0.0576379, 0.0626904, 0.0667012, 0.0712465, 0.0754888, 0.0795035, 0.0836595, 0.0874918, 0.0913607, 0.0951641, 0.0989572, 0.102465, 0.106286, 0.109874, 0.113435, 0.116945, 0.120447, 0.123919, 0.127343, 0.13075, 0.1341, 0.137404, 0.140714, 0.143974, 0.147216, 0.150342, 0.15361, 0.156743, 0.15987, 0.162962, 0.16603, 0.169051, 0.172071, 0.175005, 0.177994, 0.180832, 0.183821, 0.186607, 0.189498, 0.192222, 0.195086, 0.197455, 0.202414, 0.202745, 0.205856, 0.208362, 0.210938, 0.213475, 0.215856, 0.218237, 0.220578, 0.222891, 0.22517, 0.227418, 0.229634, 0.231817, 0.233967, 0.236081, 0.238166, 0.240217, 0.242234, 0.244217, 0.246166, 0.248082, 0.249962, 0.25181, 0.253621, 0.255399, 0.257142, 0.258849, 0.260522, 0.26216, 0.263763, 0.26533, 0.266863, 0.268361, 0.269729, 0.271225, 0.27256, 0.273961, 0.275242, 0.276561, 0.277778, 0.279023, 0.28017, 0.281346, 0.282428, 0.283522, 0.284028
0.000518077, -0.0044889, 0.00380083, -0.00335614, 0.00308436, 0.0171593, 0.0254143, 0.0317136, 0.0374296, 0.0422395, 0.0470648, 0.0511457, 0.0556267, 0.059201, 0.0632239, 0.0670097, 0.0705584, 0.074272, 0.0776553, 0.0811379, 0.0844137, 0.0878592, 0.090977, 0.094377, 0.0975474, 0.100726, 0.103867, 0.106964, 0.110052, 0.113076, 0.116114, 0.119087, 0.122067, 0.124983, 0.127936, 0.130691, 0.133703, 0.136435, 0.139276, 0.14204, 0.144787, 0.147523, 0.150216, 0.152888, 0.155539, 0.158166, 0.160698, 0.163338, 0.165906, 0.168321, 0.17084, 0.173297, 0.175807, 0.177906, 0.180567, 0.182831, 0.185186, 0.187458, 0.189694, 0.191815, 0.193931, 0.196013, 0.198068, 0.200095, 0.202094, 0.204063, 0.206004, 0.207916, 0.209801, 0.211653, 0.213477, 0.21527, 0.217034, 0.218768, 0.220471, 0.222144, 0.223786, 0.225398, 0.226979, 0.228529, 0.230048, 0.231537, 0.232994, 0.23442, 0.235814, 0.237178, 0.23851, 0.239882, 0.241098, 0.242379, 0.243552, 0.244757, 0.245875, 0.247013, 0.248071, 0.249145, 0.25014, 0.251148, 0.252089, 0.252561
0.00046862, -0.00406039, 0.003438, -0.00303576, 0.00279013, 0.0150107, 0.0224328, 0.0279229, 0.0329436, 0.0371766, 0.0414391, 0.0450276, 0.0489919, 0.0521269, 0.0556961, 0.0590103, 0.0621665, 0.0654043, 0.068423, 0.0714255, 0.0744455, 0.0773825, 0.0801291, 0.0831023, 0.0859204, 0.0887051, 0.0914424, 0.0941764, 0.0968874, 0.0995791, 0.102227, 0.104855, 0.107411, 0.110007, 0.112526, 0.115108, 0.117471, 0.12007, 0.122535, 0.124953, 0.127364, 0.129777, 0.132127, 0.134477, 0.136761, 0.139095, 0.141307, 0.143647, 0.145774, 0.148165, 0.150188, 0.152418, 0.154479, 0.156812, 0.158695, 0.160793, 0.162826, 0.164816, 0.16684, 0.168755, 0.170603, 0.172437, 0.174244, 0.176027, 0.177785, 0.179518, 0.181225, 0.182906, 0.18456, 0.186191, 0.187794, 0.189371, 0.190922, 0.192447, 0.193945, 0.195416, 0.196861, 0.198278, 0.199668, 0.201031, 0.202367, 0.203675, 0.204956, 0.20621, 0.207436, 0.208635, 0.209807, 0.210893, 0.212051, 0.213106, 0.214194, 0.215203, 0.216229, 0.217193, 0.218156, 0.219059, 0.219974, 0.220825, 0.221678, 0.222076
0.000396819, -0.00343826, 0.00291124, -0.00257062, 0.00236246, 0.0131412, 0.0194875, 0.0243285, 0.0287254, 0.0324308, 0.0361471, 0.0392944, 0.0427457, 0.0455054, 0.0486005, 0.0515321, 0.0542564, 0.0571312, 0.05973, 0.0624259, 0.0649464, 0.0676062, 0.0700093, 0.0726507, 0.0750827, 0.0775336, 0.079966, 0.0823627, 0.084744, 0.087071, 0.0894163, 0.0917119, 0.0940327, 0.0962812, 0.0985601, 0.100695, 0.102999, 0.105113, 0.107301, 0.109431, 0.111568, 0.113677, 0.115757, 0.117834, 0.119881, 0.121917, 0.123873, 0.125916, 0.127891, 0.129771, 0.131699, 0.133628, 0.135364, 0.138245, 0.138976, 0.141001, 0.142756, 0.144522, 0.146242, 0.147951, 0.149566, 0.151179, 0.152765, 0.15433, 0.155874, 0.157395, 0.158894, 0.160371, 0.161827, 0.163258, 0.164667, 0.166053, 0.167416, 0.168756, 0.170072, 0.171365, 0.172635, 0.173881, 0.175103, 0.176302, 0.177477, 0.178628, 0.179755, 0.180858, 0.181938, 0.182993, 0.184024, 0.185079, 0.186026, 0.187014, 0.187925, 0.188856, 0.189725, 0.190599, 0.191426, 0.192257, 0.19303, 0.193811, 0.194542, 0.194908
0.000348064, -0.00301582, 0.00255355, -0.00225478, 0.00207229, 0.0112864, 0.016837, 0.0209818, 0.0247829, 0.0279765, 0.0312004, 0.0339084, 0.0369097, 0.0392727, 0.0419758, 0.0444707, 0.0468632, 0.0492985, 0.051581, 0.0538405, 0.0561211, 0.0583327, 0.0604041, 0.0626176, 0.064754, 0.0668537, 0.0689028, 0.0709442, 0.0729805, 0.0750135, 0.0770053, 0.0789788, 0.0808739, 0.0828144, 0.0847175, 0.0866067, 0.0884297, 0.0903493, 0.0922901, 0.0940644, 0.0958461, 0.0976552, 0.0994157, 0.101162, 0.102873, 0.104597, 0.106326, 0.108029, 0.109605, 0.111408, 0.112924, 0.114569, 0.116287, 0.116955, 0.119508, 0.120846, 0.122427, 0.123911, 0.125427, 0.126912, 0.12829, 0.129672, 0.13103, 0.13237, 0.133691, 0.134994, 0.136277, 0.137541, 0.138784, 0.140009, 0.141214, 0.1424, 0.143565, 0.144711, 0.145837, 0.146942, 0.148028, 0.149093, 0.150137, 0.151161, 0.152165, 0.153148, 0.15411, 0.155052, 0.155973, 0.156874, 0.157754, 0.15857, 0.15944, 0.160232, 0.161049, 0.161807, 0.162577, 0.1633, 0.164024, 0.164701, 0.165388, 0.166027, 0.166667, 0.166966
0.00028991, -0.00251194, 0.00212691, -0.00187806, 0.00172596, 0.00963, 0.0142904, 0.0178537, 0.0210944, 0.0238271, 0.0265706, 0.0288945, 0.0314466, 0.0334855, 0.035777, 0.0379463, 0.0399609, 0.0421004, 0.0440223, 0.0460229, 0.0478929, 0.0498884, 0.0516538, 0.0536385, 0.0554387, 0.0572521, 0.0590742, 0.060875, 0.062654, 0.0643736, 0.0661116, 0.0678227, 0.0695702, 0.0712752, 0.0729641, 0.074594, 0.0762765, 0.0778638, 0.0794381, 0.0810517, 0.0826422, 0.084229, 0.0857768, 0.0873519, 0.088887, 0.0904281, 0.0918281, 0.0933908, 0.0949003, 0.0962847, 0.0977278, 0.0991925, 0.100314, 0.103565, 0.10294, 0.104693, 0.105943, 0.10727, 0.108545, 0.109821, 0.111078, 0.112265, 0.11345, 0.114615, 0.115765, 0.116898, 0.118016, 0.119116, 0.120202, 0.121269, 0.12232, 0.123353, 0.12437, 0.12537, 0.126353, 0.127318, 0.128266, 0.129197, 0.13011, 0.131006, 0.131884, 0.132745, 0.133588, 0.134407, 0.135219, 0.136006, 0.136777, 0.137571, 0.138278, 0.139021, 0.139703, 0.140403, 0.141054, 0.141712, 0.142332, 0.142959, 0.143539, 0.144128, 0.144678, 0.144954
0.000247498, -0.00214446, 0.00181576, -0.00160331, 0.00147355, 0.00802556, 0.0119911, 0.014952, 0.0176716, 0.0199604, 0.0222704, 0.024214, 0.0263608, 0.0280584, 0.0299856, 0.0317804, 0.0334774, 0.0352179, 0.0368363, 0.0384489, 0.0400742, 0.0416032, 0.0431149, 0.044642, 0.0461559, 0.0476643, 0.0490926, 0.0505139, 0.0519269, 0.053375, 0.0547929, 0.0561883, 0.0574892, 0.0588231, 0.060154, 0.0614543, 0.0627436, 0.0641139, 0.0654782, 0.0667341, 0.068008, 0.0692567, 0.0704916, 0.07168, 0.0728668, 0.0740598, 0.0752658, 0.0764844, 0.0773557, 0.0788357, 0.0798593, 0.0809946, 0.0823796, 0.0816799, 0.0847169, 0.0853996, 0.0865752, 0.0876002, 0.0886846, 0.0897209, 0.0907394, 0.091702, 0.0926629, 0.0936072, 0.094539, 0.095457, 0.0963615, 0.0972523, 0.098128, 0.0989913, 0.0998401, 0.100675, 0.101494, 0.102301, 0.103093, 0.103871, 0.104635, 0.105384, 0.106118, 0.106838, 0.107543, 0.108234, 0.10891, 0.109577, 0.11022, 0.110854, 0.111473, 0.112036, 0.112652, 0.113202, 0.113778, 0.114305, 0.114847, 0.115351, 0.115858, 0.116328, 0.116811, 0.117254, 0.117702, 0.117909
0.000197368, -0.00171011, 0.00144798, -0.00127857, 0.001175, 0.00660674, 0.00980176, 0.012262, 0.0145057, 0.016382, 0.018294, 0.0198936, 0.0216819, 0.0230867, 0.0247012, 0.0261976, 0.027638, 0.0291203, 0.0304985, 0.0318934, 0.0332101, 0.0346842, 0.0358665, 0.0373341, 0.0386234, 0.0398767, 0.041194, 0.0425127, 0.0438084, 0.0450253, 0.0462493, 0.0474605, 0.0487353, 0.050008, 0.0512351, 0.0524373, 0.0536417, 0.0547606, 0.0558728, 0.0570079, 0.0581432, 0.0592907, 0.0604174, 0.0615453, 0.0627108, 0.0638361, 0.0648505, 0.0659571, 0.0673083, 0.0680642, 0.0691465, 0.0702284, 0.070796, 0.0746807, 0.0725819, 0.0741793, 0.0749958, 0.0759574, 0.0768565, 0.077772, 0.0786312, 0.0794869, 0.0803297, 0.0811619, 0.0819828, 0.0827926, 0.0835909, 0.0843778, 0.0851544, 0.0859178, 0.0866703, 0.0874107, 0.0881411, 0.0888573, 0.0895627, 0.0902557, 0.0909367, 0.0916059, 0.0922628, 0.0929077, 0.0935404, 0.094161, 0.0947694, 0.0953592, 0.095947, 0.0965157, 0.0970733, 0.0976592, 0.0981645, 0.0987099, 0.099201, 0.0997146, 0.100185, 0.100668, 0.101119, 0.101581, 0.102003, 0.102438, 0.10284, 0.103045
0.000165314, -0.00143237, 0.00121281, -0.00107091, 0.000984296, 0.00522616, 0.0078738, 0.00979874, 0.0115866, 0.0131033, 0.0146182, 0.0159063, 0.0172979, 0.0184278, 0.0196603, 0.0208544, 0.0219083, 0.0230638, 0.0240674, 0.0250934, 0.0261773, 0.0269456, 0.0281593, 0.0289562, 0.0298813, 0.0308714, 0.031752, 0.032581, 0.0334097, 0.0343137, 0.0352142, 0.0361064, 0.0368765, 0.037626, 0.0384046, 0.039167, 0.0399359, 0.0408071, 0.0416681, 0.0424664, 0.0432602, 0.0440154, 0.0447496, 0.0454741, 0.0461154, 0.0468078, 0.0475374, 0.0482835, 0.0485278, 0.0496655, 0.0502359, 0.0508877, 0.0519788, 0.0499775, 0.0535176, 0.0535941, 0.0543981, 0.0550213, 0.0557064, 0.0563423, 0.0570456, 0.0576496, 0.0582444, 0.0588307, 0.0594082, 0.0599769, 0.0605367, 0.0610877, 0.0616283, 0.0621616, 0.0626851, 0.0631999, 0.0637023, 0.0641996, 0.0646859, 0.0651636, 0.0656318, 0.0660905, 0.0665398, 0.0669796, 0.0674099, 0.0678307, 0.0682419, 0.0686502, 0.0690381, 0.0694235, 0.0697982, 0.07012, 0.0705048, 0.0708243, 0.0711786, 0.0714863, 0.0718167, 0.072112, 0.0724178, 0.0726898, 0.0729812, 0.0732362, 0.0735038, 0.0736219
0.000117145, -0.00101501, 0.00085943, -0.000758877, 0.00069734, 0.00407965, 0.00600528, 0.00754205, 0.00894948, 0.0100993, 0.0113162, 0.0123039, 0.0134601, 0.0143345, 0.0153962, 0.0163458, 0.0173462, 0.0182664, 0.0192395, 0.0201775, 0.0209845, 0.0222609, 0.0227348, 0.0239306, 0.0248662, 0.0256818, 0.0265771, 0.027559, 0.0285483, 0.0293985, 0.0302222, 0.0310222, 0.031938, 0.0329255, 0.0338503, 0.0347363, 0.0356684, 0.036396, 0.0371532, 0.0379161, 0.0386932, 0.0395058, 0.0403225, 0.0411415, 0.0420529, 0.0428849, 0.0436741, 0.0444427, 0.0456932, 0.0460151, 0.0468394, 0.0476409, 0.0478993, 0.0515788, 0.0490862, 0.0504125, 0.0509326, 0.051607, 0.052219, 0.0528558, 0.0534432, 0.0540313, 0.0546199, 0.0551993, 0.0557723, 0.056338, 0.0568966, 0.0574478, 0.0579926, 0.0585291, 0.0590585, 0.0595799, 0.0600977, 0.0606033, 0.0611034, 0.061595, 0.0620791, 0.0625558, 0.0630248, 0.063486, 0.0639396, 0.0643854, 0.0648235, 0.0652464, 0.0656736, 0.066085, 0.0664899, 0.066935, 0.0672916, 0.0677023, 0.0680556, 0.0684423, 0.0687851, 0.0691484, 0.0694814, 0.0698337, 0.0701458, 0.0704798, 0.0707815, 0.0709406
9.8765e-05, -0.000855755, 0.000724583, -0.000639807, 0.000588144, 0.00291591, 0.00448365, 0.00554715, 0.00654682, 0.00741299, 0.00825048, 0.00896861, 0.00972167, 0.0103331, 0.0109849, 0.0115747, 0.0120997, 0.0126571, 0.0131277, 0.0135727, 0.0142282, 0.0141492, 0.0151642, 0.0152492, 0.0155638, 0.0160363, 0.016469, 0.0166984, 0.0168921, 0.0172416, 0.0176487, 0.0180904, 0.0183596, 0.0185096, 0.018703, 0.0189222, 0.0190763, 0.0195422, 0.0198886, 0.0202545, 0.0206058, 0.0208956, 0.0211462, 0.0213823, 0.021477, 0.0216595, 0.021865, 0.0221032, 0.0217588, 0.0225003, 0.022614, 0.0227842, 0.0235625, 0.0203504, 0.0243211, 0.0238244, 0.0242715, 0.0245023, 0.0248169, 0.0250772, 0.0253909, 0.0256752, 0.0259413, 0.0261742, 0.0264107, 0.0266399, 0.0268651, 0.0270853, 0.0272999, 0.0275107, 0.0277162, 0.0279175, 0.0281094, 0.0283018, 0.0284869, 0.028668, 0.0288439, 0.0290146, 0.0291808, 0.0293412, 0.0294969, 0.0296473, 0.0297926, 0.0299413, 0.0300711, 0.0302048, 0.030332, 0.030398, 0.0305529, 0.0306305, 0.0307607, 0.0308377, 0.0309516, 0.0310272, 0.031124, 0.0311841, 0.0312768, 0.0313296, 0.031406, 0.0314275
4.63678e-05, -0.000401757, 0.000340175, -0.000300374, 0.000275825, 0.00207546, 0.00290217, 0.00376409, 0.00443318, 0.00509164, 0.00566735, 0.00630478, 0.00684274, 0.00750514, 0.00803971, 0.00870643, 0.00930199, 0.00997029, 0.0106068, 0.0113341, 0.0117241, 0.0130532, 0.0130069, 0.0140704, 0.0149009, 0.0155004, 0.0160634, 0.0169116, 0.0178476, 0.0185758, 0.0191807, 0.019702, 0.0204238, 0.021327, 0.0221891, 0.0229874, 0.0239083, 0.0243815, 0.0249842, 0.0255419, 0.0260252, 0.0267104, 0.027373, 0.0280571, 0.0289347, 0.0296924, 0.0304241, 0.0311168, 0.0324693, 0.0325533, 0.033291, 0.0340225, 0.0339667, 0.0387604, 0.0347934, 0.0362492, 0.0365441, 0.0370984, 0.0375296, 0.0380182, 0.03843, 0.0388817, 0.0393154, 0.0397684, 0.0402106, 0.0406509, 0.0410865, 0.0415182, 0.0419468, 0.04237, 0.0427895, 0.0432039, 0.0436196, 0.0440244, 0.0444277, 0.0448256, 0.0452193, 0.045609, 0.0459937, 0.0463748, 0.0467511, 0.0471233, 0.0474911, 0.047844, 0.0482093, 0.0485592, 0.0489063, 0.0493171, 0.0496091, 0.0499842, 0.0502848, 0.0506393, 0.0509382, 0.0512728, 0.0515711, 0.0519032, 0.052185, 0.0525046, 0.0527848, 0.0529398
5.55699e-05, -0.000481489, 0.000407685, -0.000359986, 0.000331131, 0.00113124, 0.00194047, 0.00225126, 0.00267592, 0.00293197, 0.00326648, 0.00340078, 0.003654, 0.00367281, 0.00386651, 0.00378149, 0.00389832, 0.00373046, 0.00374727, 0.00346648, 0.00377338, 0.00271563, 0.00346386, 0.00284926, 0.00239607, 0.00225038, 0.0022337, 0.00182778, 0.00121017, 0.000852789, 0.00068157, 0.000669298, 0.000400895, -0.000149249, -0.000695175, -0.00118271, -0.00182432, -0.0018843, -0.00208212, -0.00221276, -0.00223791, -0.00252102, -0.00280254, -0.00313537, -0.00373581, -0.00420434, -0.00463637, -0.00505963, -0.00630203, -0.00594099, -0.00639709, -0.00685889, -0.00630613, -0.0119428, -0.00640204, -0.00778276, -0.00767834, -0.00791298, -0.00799284, -0.00815242, -0.00822896, -0.00834196, -0.00845493, -0.00861788, -0.00876777, -0.00892325, -0.00907858, -0.00923542, -0.00939483, -0.00955372, -0.00971454, -0.00987534, -0.0100444, -0.0102062, -0.0103729, -0.0105392, -0.010707, -0.0108763, -0.011046, -0.0112181, -0.0113908, -0.011565, -0.0117404, -0.0119002, -0.0123602, -0.0123764, -0.0126423, -0.0125549, -0.0129392, -0.0129647, -0.0132793, -0.0133548, -0.0136403, -0.0137293, -0.0140152, -0.0141162, -0.0144042, -0.0144817, -0.0148173, -0.0148289
-1.46948e-05, 0.000127324, -0.000107807, 9.51944e-05, -8.79443e-05, 0.000612502, 0.000568834, 0.00102284, 0.00118548, 0.00154434, 0.00174339, 0.00220172, 0.00247104, 0.00306126, 0.00334608, 0.00409436, 0.00439543, 0.00531384, 0.00571559, 0.00677383, 0.00680253, 0.0088125, 0.00840453, 0.00966322, 0.0108617, 0.0116566, 0.0121576, 0.0131602, 0.0145492, 0.0156243, 0.0163977, 0.0169036, 0.0176895, 0.018903, 0.0201676, 0.0213453, 0.0227902, 0.0233881, 0.0241589, 0.024787, 0.025256, 0.0260523, 0.0268655, 0.0277283, 0.0290279, 0.0301275, 0.0312018, 0.032264, 0.0344008, 0.0344076, 0.0354646, 0.0365574, 0.0362629, 0.0441845, 0.0372371, 0.0394758, 0.0397269, 0.0404282, 0.0409141, 0.0414953, 0.0419641, 0.0424747, 0.0429893, 0.0435435, 0.0440832, 0.0446243, 0.0451619, 0.0456973, 0.0462322, 0.0467622, 0.0472908, 0.0478153, 0.0483466, 0.0488641, 0.0493839, 0.049899, 0.0504119, 0.0509226, 0.0514295, 0.0519353, 0.0524376, 0.0529377, 0.0534352, 0.0539074, 0.0547758, 0.0550478, 0.0556486, 0.055773, 0.0565235, 0.0567901, 0.0574385, 0.0577632, 0.058364, 0.0586979, 0.0592906, 0.0596317, 0.0602184, 0.0605194, 0.0611607, 0.0612708
2.40295e-05, -0.000208205, 0.000176291, -0.000155666, 0.000143665, -0.000654774, -0.000558993, -0.00113026, -0.00135651, -0.00183309, -0.00212648, -0.00277385, -0.00316682, -0.00404243, -0.00444604, -0.00556924, -0.00594216, -0.00741799, -0.00789045, -0.0095668, -0.00959088, -0.012477, -0.0120878, -0.0138042, -0.0155922, -0.0168924, -0.0176575, -0.0190508, -0.0211091, -0.0228057, -0.0240462, -0.0248305, -0.0259412, -0.0276777, -0.0295673, -0.0313892, -0.0335917, -0.0345955, -0.0357993, -0.0367614, -0.0374698, -0.0386169, -0.0397971, -0.0410671, -0.0429885, -0.0446569, -0.0463132, -0.047967, -0.0511191, -0.0513147, -0.0529632, -0.0546517, -0.0544044, -0.0655443, -0.0560395, -0.0592641, -0.0597196, -0.0607877, -0.0615444, -0.0624228, -0.0631364, -0.0638985, -0.0646618, -0.0654821, -0.0663066, -0.0671257, -0.0679422, -0.0687548, -0.0695669, -0.0703723, -0.0711756, -0.0719732, -0.0727802, -0.073568, -0.074359, -0.0751434, -0.0759246, -0.0767029, -0.0774758, -0.0782471, -0.0790135, -0.0797768, -0.0805363, -0.0812609, -0.0825351, -0.0829815, -0.0838843, -0.0841258, -0.085236, -0.0856747, -0.0866432, -0.0871624, -0.0880647, -0.0885965, -0.0894871, -0.0900288, -0.0909111, -0.0913968, -0.0923547, -0.0925413
-5.72025e-06, 4.95634e-05, -4.19662e-05, 3.70563e-05, -3.41754e-05, 9.78076e-05, 7.46907e-05, 0.00018216, 0.000247215, 0.000343128, 0.000429451, 0.000576021, 0.000681148, 0.000904297, 0.00101256, 0.0012953, 0.00138671, 0.00180613, 0.00188876, 0.00236157, 0.00239138, 0.00306736, 0.00310315, 0.00348125, 0.00393775, 0.00435456, 0.00459169, 0.00490278, 0.00542973, 0.00593671, 0.00633199, 0.00657436, 0.00684423, 0.00725713, 0.007756, 0.00828792, 0.00892759, 0.00929737, 0.00969313, 0.010004, 0.010224, 0.0105083, 0.0107739, 0.01105, 0.0114568, 0.0118151, 0.0121759, 0.0125423, 0.0132509, 0.0133024, 0.0136848, 0.01408, 0.014045, 0.0165632, 0.0144595, 0.0152084, 0.0153372, 0.0156048, 0.0158023, 0.0160278, 0.0162162, 0.0164152, 0.0166151, 0.0168271, 0.0170401, 0.0172518, 0.0174629, 0.0176731, 0.017883, 0.0180914, 0.0182993, 0.0185057, 0.0187143, 0.0189184, 0.0191232, 0.0193265, 0.0195289, 0.0197307, 0.0199311, 0.0201311, 0.0203299, 0.0205279, 0.020725, 0.0209142, 0.0212264, 0.0213531, 0.0215819, 0.0216626, 0.0219377, 0.0220623, 0.0223054, 0.0224479, 0.022676, 0.0228211, 0.0230464, 0.0231935, 0.0234167, 0.0235511, 0.023791, 0.0238455
