x_degree: 3
y_degree: 3
num_x_ctrl_points: 80
num_y_ctrl_points: 80
x_knots: 0 0 0 0 0.0128205 0.025641 0.0384615 0.0512821 0.0641026 0.0769231 0.0897436 0.102564 0.115385 0.128205 0.141026 0.153846 0.166667 0.179487 0.192308 0.205128 0.217949 0.230769 0.24359 0.25641 0.269231 0.282051 0.294872 0.307692 0.320513 0.333333 0.346154 0.358974 0.371795 0.384615 0.397436 0.410256 0.423077 0.435897 0.448718 0.461538 0.474359 0.487179 0.5 0.512821 0.525641 0.538462 0.551282 0.564103 0.576923 0.589744 0.602564 0.615385 0.628205 0.641026 0.653846 0.666667 0.679487 0.692308 0.705128 0.717949 0.730769 0.74359 0.75641 0.769231 0.782051 0.794872 0.807692 0.820513 0.833333 0.846154 0.858974 0.871795 0.884615 0.897436 0.910256 0.923077 0.935897 0.948718 0.961538 0.974359 0.987179 1 1 1 
y_knots: 0 0 0 0 0.0128205 0.025641 0.0384615 0.0512821 0.0641026 0.0769231 0.0897436 0.102564 0.115385 0.128205 0.141026 0.153846 0.166667 0.179487 0.192308 0.205128 0.217949 0.230769 0.24359 0.25641 0.269231 0.282051 0.294872 0.307692 0.320513 0.333333 0.346154 0.358974 0.371795 0.384615 0.397436 0.410256 0.423077 0.435897 0.448718 0.461538 0.474359 0.487179 0.5 0.512821 0.525641 0.538462 0.551282 0.564103 0.576923 0.589744 0.602564 0.615385 0.628205 0.641026 0.653846 0.666667 0.679487 0.692308 0.705128 0.717949 0.730769 0.74359 0.75641 0.769231 0.782051 0.794872 0.807692 0.820513 0.833333 0.846154 0.858974 0.871795 0.884615 0.897436 0.910256 0.923077 0.935897 0.948718 0.961538 0.974359 0.987179 1 1 1 
coefficients: 
7.38174e+10 -3.00507e+13 1.45857e+13 -4.21939e+12 1.26757e+12 -3.95366e+11 1.28003e+11 -4.30043e+10 1.49878e+10 -5.41699e+09 2.02969e+09 -7.88148e+08 3.17064e+08 -1.32101e+08 5.69823e+07 -2.54399e+07 1.17516e+07 -5.61507e+06 2.7744e+06 -1.41713e+06 748135 -408073 229941 -133789 80373.3 -49810.8 31839.2 -20950.7 14179 -9828.62 6961.16 -4998.47 3621.77 -2614.6 1865.44 -1286.83 841.623 -491.582 225.977 -24.8307 -115.285 208.78 -258.871 278.518 -271.81 250.154 -217.114 181.277 -144.32 111.47 -82.3233 59.3439 -40.8227 27.6198 -17.6961 11.3054 -6.71232 4.09429 -2.21722 1.32664 -0.625635 0.395679 -0.140034 0.116731 -0.0156052 0.0389861 0.00802328 0.0163752 0.00840611 0.00805104 0.00521065 0.00392521 0.00253566 0.00162033 0.000907468 0.000442446 0.000157408 2.18891e-05 -5.26258e-06 2.05309e-09 
-3.00507e+13 1.28296e+16 -6.22708e+15 1.80139e+15 -5.41165e+14 1.68794e+14 -5.46486e+13 1.83599e+13 -6.39876e+12 2.31268e+12 -8.66538e+11 3.36485e+11 -1.35365e+11 5.63979e+10 -2.43275e+10 1.08611e+10 -5.01713e+09 2.39725e+09 -1.18447e+09 6.05022e+08 -3.19399e+08 1.74222e+08 -9.81665e+07 5.71208e+07 -3.43121e+07 2.12674e+07 -1.35917e+07 8.94576e+06 -6.05234e+06 4.19713e+06 -2.97106e+06 2.13479e+06 -1.54555e+06 1.11688e+06 -795853 549890 -358865 210275 -96115.4 10924.6 49508.6 -88875.2 110752 -118701 116229 -106633 92839.9 -77261.7 61731.3 -47486.9 35237.7 -25255.2 17499.4 -11729.5 7609.49 -4779.14 2906.93 -1712.34 977.258 -540.161 289.394 -150.113 75.5396 -36.763 17.398 -7.93365 3.54394 -1.50654 0.642739 -0.249901 0.105797 -0.035188 0.0165434 -0.00384501 0.00255395 -0.000311852 0.000304041 -7.33428e-05 2.03293e-05 -7.93144e-09 
1.45857e+13 -6.22708e+15 3.02243e+15 -8.74337e+14 2.62664e+14 -8.19274e+13 2.65247e+13 -8.91131e+12 3.10576e+12 -1.1225e+12 4.2059e+11 -1.63319e+11 6.57017e+10 -2.73738e+10 1.18078e+10 -5.27163e+09 2.43515e+09 -1.16355e+09 5.74907e+08 -2.93659e+08 1.55026e+08 -8.45618e+07 4.76469e+07 -2.77246e+07 1.6654e+07 -1.03225e+07 6.59701e+06 -4.34199e+06 2.93762e+06 -2.03715e+06 1.44206e+06 -1.03616e+06 750163 -542098 386284 -266897 174183 -102060 46652.5 -5301.42 -24029 43138.1 -53754.8 57614.2 -56413.5 51756.9 -45061.1 37500.8 -29962.1 23049 -17103 12258.3 -8493.44 5693.31 -3693.23 2319.79 -1410.8 831.226 -474.235 262.258 -140.394 72.9178 -36.6167 17.8829 -8.41243 3.87641 -1.69985 0.746923 -0.300082 0.130035 -0.0451489 0.0212758 -0.00536678 0.00340608 -0.000472124 0.000443513 -0.000102318 2.56759e-05 -7.11689e-06 2.77664e-09 
-4.21939e+12 1.80139e+15 -8.74337e+14 2.52931e+14 -7.59843e+13 2.37002e+13 -7.67315e+12 2.57789e+12 -8.98442e+11 3.24721e+11 -1.2167e+11 4.72455e+10 -1.90064e+10 7.91876e+09 -3.4158e+09 1.52499e+09 -7.04448e+08 3.36595e+08 -1.66311e+08 8.49504e+07 -4.48465e+07 2.44623e+07 -1.37834e+07 8.02027e+06 -4.81771e+06 2.98613e+06 -1.9084e+06 1.25607e+06 -849800 589316 -417161 299744 -217007 156821 -111744 77210.2 -50387.1 29525.1 -13494.8 1534.44 6951.91 -12478.4 15550.9 -16666.3 16319.9 -14972 13035.8 -10848 8667.81 -6667.42 4947.82 -3545.93 2457.18 -1646.83 1068.52 -670.962 408.22 -240.375 137.26 -75.8063 40.6643 -21.0517 10.6273 -5.145 2.45621 -1.1035 0.505587 -0.205589 0.0945206 -0.0321447 0.016765 -0.00380333 0.00291326 -0.000306164 0.000395942 -8.7387e-05 2.10082e-05 -5.27188e-06 1.46127e-06 -5.70112e-10 
1.26757e+12 -5.41165e+14 2.62664e+14 -7.59843e+13 2.28269e+13 -7.1199e+12 2.30513e+12 -7.74438e+11 2.69906e+11 -9.75512e+10 3.65514e+10 -1.41933e+10 5.70981e+09 -2.37892e+09 1.02616e+09 -4.58131e+08 2.11627e+08 -1.01118e+08 4.99623e+07 -2.55204e+07 1.34726e+07 -7.34884e+06 4.14076e+06 -2.40941e+06 1.44732e+06 -897075 573315 -377338 255296 -177037 125324 -90046 65194 -47110 33570.9 -23193.9 15138.1 -8868.84 4054.92 -460.202 -2087.78 3749.33 -4671.2 5007.29 -4902.32 4498.19 -3915.81 3259.21 -2603.68 2003.23 -1486.2 1065.43 -738.019 494.868 -320.883 201.668 -122.549 72.2859 -41.1728 22.8254 -12.1729 6.35984 -3.16366 1.56886 -0.719554 0.345709 -0.141137 0.0696706 -0.022783 0.0134569 -0.00262309 0.00254024 -0.000176639 0.000359613 -7.59623e-05 1.75709e-05 -4.22416e-06 1.06003e-06 -2.9382e-07 1.14633e-10 
-3.95365e+11 1.68794e+14 -8.19274e+13 2.37002e+13 -7.1199e+12 2.22076e+12 -7.18991e+11 2.41554e+11 -8.4186e+10 3.04271e+10 -1.14007e+10 4.42701e+09 -1.78094e+09 7.42006e+08 -3.20068e+08 1.42895e+08 -6.60084e+07 3.15398e+07 -1.55837e+07 7.96005e+06 -4.20221e+06 2.29218e+06 -1.29154e+06 751520 -451428 279809 -178819 117698 -79626.6 55221.7 -39087.7 28087.9 -20333 14695.4 -10469.8 7235.51 -4720.72 2767.16 -1263.97 144.249 651.827 -1168.89 1457.49 -1561.37 1529.47 -1402.68 1221.68 -1016.3 812.35 -624.615 463.742 -332.157 230.334 -154.233 100.19 -62.8135 38.2996 -22.4829 12.8956 -7.07507 3.83336 -1.954 1.01059 -0.470536 0.239002 -0.0968027 0.0521354 -0.015972 0.0110065 -0.00171927 0.00225439 -7.35167e-05 0.000331393 -6.70091e-05 1.49169e-05 -3.45053e-06 8.2953e-07 -2.08165e-07 5.76997e-08 -2.25114e-11 
1.28004e+11 -5.46486e+13 2.65247e+13 -7.67315e+12 2.30513e+12 -7.18991e+11 2.3278e+11 -7.82053e+10 2.7256e+10 -9.85104e+09 3.69108e+09 -1.43328e+09 5.76596e+08 -2.40231e+08 1.03625e+08 -4.62636e+07 2.13708e+07 -1.02113e+07 5.04536e+06 -2.57713e+06 1.36051e+06 -742107 418151 -243307 146158 -90587.5 57897.2 -38103.2 25782.1 -17876.5 12656.8 -9092.09 6584.45 -4756.48 3390.85 -2341.53 1529.3 -895.072 409.954 -46.05 -210.454 378.954 -471.417 505.916 -494.821 454.448 -395.251 329.284 -262.789 202.414 -149.976 107.682 -74.4489 50.0409 -32.3463 20.4139 -12.3344 7.33389 -4.12949 2.3281 -1.21061 0.657071 -0.30789 0.167289 -0.0660621 0.0396682 -0.0109676 0.0091759 -0.00101789 0.00203311 1.00904e-05 0.000309165 -5.98566e-05 1.2822e-05 -2.85446e-06 6.60285e-07 -1.58737e-07 3.9834e-08 -1.10413e-08 4.30773e-12 
-4.30037e+10 1.83599e+13 -8.91131e+12 2.57789e+12 -7.74438e+11 2.41554e+11 -7.82053e+10 2.6274e+10 -9.15699e+09 3.30958e+09 -1.24007e+09 4.81529e+08 -1.93715e+08 8.07086e+07 -3.48141e+07 1.55428e+07 -7.17979e+06 3.43061e+06 -1.69505e+06 865825 -457075 249325 -140479 81746 -49100 30437 -19448.6 12803.6 -8659.7 6007.71 -4250.53 3056.1 -2210.79 1599.19 -1138.13 787.617 -512.938 301.467 -137.056 16.0706 71.2378 -126.841 158.798 -169.597 166.569 -152.388 133.044 -110.404 88.4822 -67.8338 50.5335 -36.0498 25.1215 -16.7182 10.9468 -6.79107 4.20024 -2.41711 1.42585 -0.75086 0.43182 -0.200936 0.118788 -0.0445835 0.0307451 -0.00725597 0.0077986 -0.000466732 0.00186047 7.90175e-05 0.000291458 -5.40462e-05 1.11386e-05 -2.38627e-06 5.31238e-07 -1.22884e-07 2.95422e-08 -7.41342e-09 2.05486e-09 -8.01702e-13 
1.49883e+10 -6.39876e+12 3.10576e+12 -8.98442e+11 2.69906e+11 -8.4186e+10 2.7256e+10 -9.15699e+09 3.19138e+09 -1.15345e+09 4.32186e+08 -1.67822e+08 6.75131e+07 -2.81284e+07 1.21334e+07 -5.41696e+06 2.5023e+06 -1.19562e+06 590761 -301750 159304 -86889.8 48963.4 -28486.4 17115.4 -10605.1 6780.67 -4460.09 3020.03 -2092.05 1482.94 -1063.72 771.74 -556.244 397.645 -273.621 179.55 -104.37 48.3859 -5.05039 -24.3391 44.6394 -54.9609 59.446 -57.7544 53.372 -46.1385 38.6786 -30.6629 23.7929 -17.4809 12.6766 -8.65901 5.90846 -3.74603 2.42472 -1.41576 0.881957 -0.464785 0.287473 -0.130144 0.0857954 -0.0294646 0.0243219 -0.00447786 0.00675652 -2.84103e-05 0.00172503 0.00013673 0.000277232 -4.92562e-05 9.76473e-06 -2.01282e-06 4.31215e-07 -9.59983e-08 2.2206e-08 -5.33847e-09 1.33966e-09 -3.71328e-10 1.44873e-13 
-5.41658e+09 2.31268e+12 -1.1225e+12 3.24721e+11 -9.75512e+10 3.04271e+10 -9.85104e+09 3.30958e+09 -1.15345e+09 4.16888e+08 -1.56204e+08 6.06553e+07 -2.4401e+07 1.01664e+07 -4.38531e+06 1.95784e+06 -904389 432138 -213511 109066 -57572 31408.5 -17693 10299.1 -6183.05 3835.55 -2448.42 1614.04 -1089.7 757.743 -534.532 385.742 -277.781 202.063 -142.81 99.7039 -64.1737 38.3629 -16.9189 2.33009 9.2439 -15.7385 20.2133 -21.178 21.144 -19.0535 16.8824 -13.7995 11.2385 -8.46459 6.43394 -4.4826 3.2138 -2.0644 1.41346 -0.826911 0.552351 -0.285719 0.194484 -0.0829844 0.063238 -0.018744 0.0196761 -0.00237964 0.00596486 0.00032428 0.00161843 0.000185758 0.000265733 -4.52563e-05 8.628e-06 -1.71095e-06 3.52681e-07 -7.55563e-08 1.68205e-08 -3.89087e-09 9.35392e-10 -2.34731e-10 6.50631e-11 -2.53843e-14 
2.03005e+09 -8.66538e+11 4.2059e+11 -1.2167e+11 3.65514e+10 -1.14007e+10 3.69108e+09 -1.24007e+09 4.32186e+08 -1.56204e+08 5.85279e+07 -2.27269e+07 9.14283e+06 -3.80923e+06 1.64314e+06 -733575 338873 -161911 80006.1 -40860.8 21576.1 -11764.5 6632.84 -3855.89 2319.44 -1434.73 919.532 -602.868 409.987 -282.417 201.621 -143.343 105.142 -74.7675 54.3488 -36.6117 24.7083 -13.7856 6.86119 -0.411059 -3.05523 6.25733 -7.25654 8.21376 -7.67845 7.35222 -6.14021 5.33133 -4.07211 3.2909 -2.30875 1.76623 -1.13104 0.834763 -0.478748 0.351646 -0.172982 0.134301 -0.0513678 0.0477485 -0.0110858 0.0163038 -0.000780346 0.00536203 0.000611378 0.00153447 0.000227982 0.000256407 -4.18783e-05 7.67605e-06 -1.46407e-06 2.90327e-07 -5.98458e-08 1.2821e-08 -2.85425e-09 6.60235e-10 -1.58725e-10 3.9831e-11 -1.10404e-11 4.30741e-15 
-7.8784e+08 3.36485e+11 -1.63319e+11 4.72455e+10 -1.41933e+10 4.42701e+09 -1.43328e+09 4.81529e+08 -1.67822e+08 6.06553e+07 -2.27269e+07 8.82509e+06 -3.55023e+06 1.47917e+06 -638038 284862 -131580 62877.7 -31061.7 15871.4 -8374.05 4571.92 -2572.38 1500.12 -898.141 559.354 -355.081 235.859 -157.637 111.056 -77.0536 56.7625 -39.8483 29.9035 -20.3306 14.9036 -8.98514 5.89299 -2.18651 0.581693 1.55858 -2.10225 3.10533 -2.93771 3.2014 -2.66371 2.55005 -1.92714 1.70415 -1.17286 0.985733 -0.610559 0.50224 -0.271808 0.228922 -0.101592 0.0951956 -0.0300329 0.0370764 -0.00557296 0.0138504 0.000450306 0.00490283 0.000847829 0.0014685 0.00026482 0.000248839 -3.89977e-05 6.87032e-06 -1.26009e-06 2.4034e-07 -4.76599e-08 9.82422e-09 -2.10469e-09 4.68551e-10 -1.08384e-10 2.60561e-11 -6.53863e-12 1.81239e-12 -7.071e-16 
3.17334e+08 -1.35365e+11 6.57017e+10 -1.90064e+10 5.70981e+09 -1.78094e+09 5.76596e+08 -1.93715e+08 6.75131e+07 -2.4401e+07 9.14283e+06 -3.55023e+06 1.42824e+06 -595045 256685 -114590 52940.1 -25289.4 12500.8 -6380.52 3372.65 -1835.85 1037.83 -600.844 363.651 -222.951 144.684 -93.252 64.8655 -43.3887 32.1428 -21.8176 16.9344 -11.2273 8.89091 -5.36424 4.17369 -1.87628 1.31618 0.150779 -0.288544 1.14272 -0.989297 1.40865 -1.0906 1.24253 -0.878353 0.901955 -0.577331 0.563746 -0.319008 0.310542 -0.148162 0.153629 -0.056116 0.0697104 -0.0155372 0.0297078 -0.0015718 0.0120645 0.0014069 0.00455381 0.0010449 0.00141698 0.000297359 0.000242715 -3.65202e-05 6.18192e-06 -1.09004e-06 1.99926e-07 -3.81323e-08 7.56172e-09 -1.55871e-09 3.3393e-10 -7.43403e-11 1.71962e-11 -4.13407e-12 1.03742e-12 -2.87554e-13 1.12189e-16 
-1.31862e+08 5.63979e+10 -2.73738e+10 7.91876e+09 -2.37892e+09 7.42006e+08 -2.40231e+08 8.07086e+07 -2.81284e+07 1.01664e+07 -3.80922e+06 1.47917e+06 -595045 247927 -106936 47749.3 -22050.7 10541.8 -5203.67 2662.42 -1401.6 768.028 -429.624 252.785 -149.341 94.8115 -58.5763 40.3645 -25.683 19.2692 -12.3337 10.0293 -6.22213 5.41665 -3.04964 2.81429 -1.22686 1.23361 -0.150281 0.287162 0.4272 -0.207536 0.64644 -0.383227 0.6308 -0.365512 0.496607 -0.2642 0.335281 -0.15497 0.199796 -0.0738793 0.107335 -0.0269614 0.053074 -0.00561378 0.0246179 0.00135869 0.0107667 0.00215865 0.00428998 0.00121118 0.00137721 0.000326441 0.000237794 -3.4374e-05 5.58887e-06 -9.47152e-07 1.6701e-07 -3.06317e-08 5.84245e-09 -1.15857e-09 2.38819e-10 -5.11631e-11 1.13901e-11 -2.63471e-12 6.33403e-13 -1.58948e-13 4.40576e-14 -1.7189e-17 
5.7194e+07 -2.43275e+10 1.18078e+10 -3.4158e+09 1.02616e+09 -3.20068e+08 1.03625e+08 -3.48141e+07 1.21334e+07 -4.38531e+06 1.64314e+06 -638036 256686 -106936 46135.1 -20590.4 9517.35 -4542.33 2248.94 -1144.68 607.902 -328.374 187.896 -106.765 66.4319 -39.115 26.8468 -16.0108 12.3207 -7.21005 6.29733 -3.45996 3.45142 -1.65707 1.91635 -0.683211 0.997323 -0.119975 0.426984 0.193641 0.0933726 0.331606 -0.0684602 0.347472 -0.11502 0.292486 -0.0991009 0.211674 -0.062238 0.135792 -0.0289817 0.0788594 -0.00813447 0.042217 0.00123843 0.0211085 0.00352732 0.00982817 0.00275659 0.00409255 0.00135326 0.00134706 0.00035273 0.00023389 -3.25035e-05 5.07424e-06 -8.26257e-07 1.4003e-07 -2.46913e-08 4.52867e-09 -8.63765e-10 1.71286e-10 -3.53076e-11 7.5641e-12 -1.68394e-12 3.89524e-13 -9.36441e-14 2.34994e-14 -6.5136e-15 2.54127e-18 
-2.52509e+07 1.08611e+10 -5.27163e+09 1.52499e+09 -4.58131e+08 1.42895e+08 -4.62636e+07 1.55429e+07 -5.41695e+06 1.95785e+06 -733572 284864 -114589 47750 -20590.1 9198.69 -4243.79 2032.51 -1000.04 514.548 -268.32 149.314 -81.4959 49.7769 -27.7916 19.1154 -10.5226 8.4444 -4.35202 4.23656 -1.91015 2.3426 -0.835083 1.36356 -0.304973 0.790326 -0.0182157 0.428603 0.138005 0.200786 0.208646 0.0694164 0.218783 0.0071107 0.190554 -0.0117639 0.145068 -0.00951194 0.098892 -0.0016442 0.0613822 0.00413066 0.0351537 0.00601923 0.0187016 0.00515166 0.00915576 0.0032386 0.00394729 0.00147626 0.00132491 0.000376753 0.000230854 -3.0865e-05 4.62478e-06 -7.23343e-07 1.17789e-07 -1.99622e-08 3.51992e-09 -6.45594e-10 1.23136e-10 -2.44181e-11 5.03335e-12 -1.07832e-12 2.40058e-13 -5.55293e-14 1.33496e-14 -3.35e-15 9.2856e-16 -3.62276e-19 
1.19212e+07 -5.01713e+09 2.43515e+09 -7.04448e+08 2.11627e+08 -6.60084e+07 2.13708e+07 -7.17978e+06 2.5023e+06 -904385 338876 -131578 52941.4 -22049.8 9517.83 -4243.58 1965.24 -934.639 465.671 -234.433 126.806 -66.4565 39.8649 -21.0348 14.569 -7.29913 6.21532 -2.70194 3.07137 -1.01818 1.71273 -0.348195 1.03387 -0.0582015 0.644435 0.0777471 0.397092 0.142412 0.23362 0.166291 0.128546 0.162534 0.0666116 0.14053 0.0346887 0.109531 0.0207121 0.0777677 0.0151657 0.0507255 0.0122119 0.0305937 0.00939801 0.0170683 0.00638587 0.00868176 0.00363299 0.00384332 0.0015842 0.00130944 0.000398934 0.00022857 -2.9424e-05 4.23004e-06 -6.35266e-07 9.93647e-08 -1.61805e-08 2.74219e-09 -4.83527e-10 8.86846e-11 -1.6915e-11 3.35429e-12 -6.91425e-13 1.48127e-13 -3.29764e-14 7.628e-15 -1.83382e-15 4.60186e-16 -1.27555e-16 4.97655e-20 
-5.46239e+06 2.39725e+09 -1.16355e+09 3.36596e+08 -1.01118e+08 3.15398e+07 -1.02113e+07 3.43062e+06 -1.19562e+06 432142 -161908 62879.8 -25287.9 10542.8 -4541.71 2032.87 -934.485 450.532 -219.053 115.039 -57.9343 34.0905 -16.989 11.8673 -5.35714 4.90508 -1.71684 2.39866 -0.48847 1.35162 -0.0544 0.840453 0.100129 0.550768 0.151664 0.365987 0.163122 0.240042 0.156617 0.153353 0.139909 0.0957431 0.116843 0.0596646 0.0909646 0.0382621 0.0658597 0.0256489 0.0443174 0.0176182 0.0276938 0.0118253 0.0159808 0.0073398 0.00835675 0.00396106 0.00377234 0.00168023 0.00129964 0.000419618 0.000226947 -2.81531e-05 3.88168e-06 -5.59532e-07 8.4037e-08 -1.31446e-08 2.14046e-09 -3.62755e-10 6.39642e-11 -1.17318e-11 2.23763e-12 -4.43727e-13 9.14664e-14 -1.95952e-14 4.36234e-15 -1.00908e-15 2.4259e-16 -6.08765e-17 1.68739e-17 -6.58331e-21 
2.91234e+06 -1.18448e+09 5.74907e+08 -1.66311e+08 4.99624e+07 -1.55837e+07 5.04538e+06 -1.69504e+06 590767 -213507 80009 -31059.7 12502.3 -5202.62 2249.66 -999.58 465.938 -218.938 111.439 -54.032 31.0908 -14.6755 10.3039 -4.17994 4.13246 -1.11225 2.00612 -0.162878 1.14372 0.128272 0.72869 0.202795 0.494139 0.205264 0.343549 0.185236 0.238843 0.159376 0.163756 0.132667 0.110319 0.106485 0.073398 0.0816827 0.0486751 0.0593557 0.0323256 0.0405687 0.0213114 0.0259013 0.0136058 0.0152811 0.00809217 0.00814442 0.00423893 0.00372794 0.00176687 0.00129468 0.000439088 0.000225909 -2.70301e-05 3.57298e-06 -4.94145e-07 7.12376e-08 -1.06993e-08 1.67353e-09 -2.72517e-10 4.61848e-11 -8.14372e-12 1.49365e-12 -2.84888e-13 5.64939e-14 -1.16452e-14 2.4948e-15 -5.554e-16 1.28473e-16 -3.08858e-17 7.7506e-18 -2.14833e-18 8.38166e-22 
-1.29219e+06 6.05023e+08 -2.93659e+08 8.49506e+07 -2.55204e+07 7.96008e+06 -2.57713e+06 865834 -301746 109070 -40858.1 15873.5 -6379.02 2663.53 -1143.89 515.089 -234.084 115.241 -53.9445 30.2073 -13.5924 9.50774 -3.4929 3.69451 -0.736286 1.78017 0.0441184 1.02559 0.246344 0.665962 0.271413 0.462048 0.243959 0.329957 0.204614 0.236862 0.166293 0.168546 0.132305 0.118066 0.102843 0.081291 0.0774891 0.0550798 0.0560332 0.0367134 0.0384933 0.0239072 0.024852 0.0149465 0.0148587 0.00869967 0.00801806 0.00447888 0.00370517 0.00184613 0.00129392 0.000457582 0.000225399 -2.60371e-05 3.29846e-06 -4.3749e-07 6.05148e-08 -8.72406e-09 1.31029e-09 -2.04948e-10 3.33736e-11 -5.65599e-12 9.97315e-13 -1.82919e-13 3.48886e-14 -6.91849e-15 1.42612e-15 -3.05524e-16 6.80166e-17 -1.57334e-17 3.78241e-18 -9.49172e-19 2.63093e-19 -1.02645e-22 
861592 -3.19401e+08 1.55027e+08 -4.48467e+07 1.34727e+07 -4.20223e+06 1.36053e+06 -457071 159310 -57568.7 21578.9 -8372.09 3374.18 -1400.48 608.729 -267.733 127.214 -57.6703 31.2442 -13.5257 9.29904 -3.15428 3.48389 -0.507193 1.6594 0.179299 0.962198 0.326138 0.633245 0.319406 0.445875 0.272663 0.323391 0.220821 0.236245 0.174187 0.171503 0.134924 0.122733 0.102572 0.0861951 0.0760914 0.0592486 0.0545937 0.0397298 0.0374779 0.0258019 0.0243051 0.0159891 0.0146365 0.00920335 0.00795791 0.00469033 0.00370018 0.00191964 0.00129682 0.000475294 0.000225369 -2.51595e-05 3.05365e-06 -3.88252e-07 5.15064e-08 -7.12457e-09 1.02711e-09 -1.54264e-10 2.41291e-11 -3.92917e-12 6.65895e-13 -1.17417e-13 2.15356e-14 -4.10754e-15 8.14534e-16 -1.67901e-16 3.59702e-17 -8.00779e-18 1.85234e-18 -4.45314e-19 1.11749e-19 -3.09747e-20 1.20847e-23 
-304859 1.74225e+08 -8.45633e+07 2.44628e+07 -7.34896e+06 2.29223e+06 -742112 249336 -86886.8 31412.5 -11762.2 4573.97 -1834.4 769.167 -327.539 149.936 -66.0123 34.3998 -14.4747 9.62469 -3.10335 3.44856 -0.382385 1.61108 0.268313 0.934216 0.382569 0.619575 0.35489 0.440105 0.294977 0.321982 0.234491 0.237405 0.181981 0.174182 0.138776 0.126125 0.103987 0.089614 0.0762386 0.0621875 0.0542775 0.0419312 0.0371401 0.0272511 0.0241015 0.0168304 0.0145601 0.00963313 0.00794932 0.00488053 0.00371 0.00198873 0.00130297 0.000492395 0.00022578 -2.43855e-05 2.83488e-06 -3.45349e-07 4.39204e-08 -5.82668e-09 8.0597e-10 -1.16192e-10 1.74511e-11 -2.72961e-12 4.44489e-13 -7.53296e-14 1.32828e-14 -2.43622e-15 4.64667e-16 -9.21444e-17 1.89939e-17 -4.06915e-18 9.05884e-19 -2.09546e-19 5.03763e-20 -1.26416e-20 3.50402e-21 -1.36709e-24 
324030 -9.81716e+07 4.76495e+07 -1.37841e+07 4.141e+06 -1.29159e+06 418181 -140480 48970.3 -17690.7 6635.67 -2570.62 1039.34 -428.536 188.75 -80.8657 40.3362 -16.6513 10.5397 -3.33952 3.57334 -0.34341 1.61929 0.324738 0.931206 0.424049 0.618719 0.382708 0.441354 0.313323 0.324298 0.246403 0.240205 0.189428 0.177175 0.143115 0.129095 0.106255 0.0923385 0.0772506 0.064469 0.0546403 0.0436566 0.0372408 0.028421 0.0241352 0.0175376 0.0145915 0.0100109 0.00798144 0.00505513 0.00373231 0.00205449 0.00131204 0.000509026 0.000226603 -2.37055e-05 2.63909e-06 -3.07889e-07 3.75193e-08 -4.77169e-09 6.33035e-10 -8.7564e-11 1.26236e-11 -1.89596e-12 2.96557e-13 -4.82911e-14 8.18413e-15 -1.4431e-15 2.64682e-16 -5.04834e-17 1.0011e-17 -2.06358e-18 4.42089e-19 -9.84191e-20 2.2766e-20 -5.47309e-21 1.37344e-21 -3.80692e-22 1.48526e-25 
-47940.5 5.7129e+07 -2.77285e+07 8.02143e+06 -2.40973e+06 751637 -243334 81762.9 -28486.4 10303.6 -3854.07 1502.15 -599.523 253.906 -105.945 50.4215 -20.5566 12.226 -3.92236 3.87467 -0.389853 1.67956 0.35458 0.948117 0.455151 0.627263 0.405714 0.447622 0.329267 0.329367 0.257212 0.244388 0.196576 0.180672 0.147652 0.132038 0.108969 0.0947837 0.0787605 0.0664193 0.0554228 0.045113 0.0376311 0.0294199 0.024336 0.0181571 0.0147038 0.0103529 0.0080462 0.00521856 0.00376532 0.00211783 0.00132377 0.000525312 0.000227814 -2.31116e-05 2.46375e-06 -2.75129e-07 3.21092e-08 -3.91294e-09 4.97648e-10 -6.60203e-11 9.13219e-12 -1.31654e-12 1.97733e-13 -3.09284e-14 5.03636e-15 -8.53536e-16 1.50503e-16 -2.76041e-17 5.26499e-18 -1.04406e-18 2.15214e-19 -4.61062e-20 1.02643e-20 -2.3743e-21 5.70798e-22 -1.43238e-22 3.9703e-23 -1.54901e-26 
158873 -3.4324e+07 1.66599e+07 -4.81938e+06 1.44784e+06 -451577 146216 -49112.2 17125.2 -6182.32 2322.49 -896.721 365.129 -148.342 67.2722 -27.1699 15.058 -4.9928 4.40614 -0.539386 1.79726 0.358122 0.983627 0.477972 0.643578 0.425525 0.457797 0.343796 0.336582 0.267403 0.249732 0.203554 0.184713 0.152297 0.135136 0.111941 0.0971672 0.0805734 0.0682251 0.0564749 0.0464281 0.0382181 0.0303188 0.0246572 0.0187215 0.0148783 0.0106711 0.00813764 0.00537431 0.00380764 0.0021795 0.00133794 0.000541363 0.000229396 -2.25973e-05 2.30675e-06 -2.46448e-07 2.75307e-08 -3.21313e-09 3.91565e-10 -4.97992e-11 6.6066e-12 -9.13852e-13 1.31745e-13 -1.9787e-14 3.09498e-15 -5.03985e-16 8.54127e-17 -1.50608e-17 2.76232e-18 -5.26864e-19 1.04478e-19 -2.15363e-20 4.61381e-21 -1.02714e-21 2.37595e-22 -5.71193e-23 1.43337e-23 -3.97305e-24 1.55008e-27 
21935.1 2.12849e+07 -1.03309e+07 2.98859e+06 -897796 280047 -90655.3 30466.6 -10610.2 3841.41 -1433.8 561.459 -221.843 95.9007 -38.3548 19.7491 -6.82583 5.2773 -0.834021 1.98932 0.329898 1.03967 0.492708 0.667308 0.442928 0.471368 0.357505 0.345603 0.277318 0.256084 0.2105 0.189287 0.157045 0.138468 0.115092 0.0996039 0.0825884 0.0699944 0.0577104 0.047681 0.0389446 0.0311649 0.0250683 0.0192537 0.0151016 0.0109745 0.00825137 0.00552518 0.0038582 0.00224014 0.00135439 0.000557273 0.000231335 -2.21577e-05 2.16633e-06 -2.21324e-07 2.36526e-08 -2.64236e-09 3.08394e-10 -3.75821e-11 4.7797e-12 -6.34097e-13 8.77108e-14 -1.26448e-14 1.89914e-15 -2.97054e-16 4.83721e-17 -8.19786e-18 1.44552e-18 -2.65125e-19 5.0568e-20 -1.00277e-20 2.06704e-21 -4.42831e-22 9.85841e-23 -2.28042e-23 5.48227e-24 -1.37574e-24 3.81331e-25 -1.48776e-28 
97623.2 -1.3616e+07 6.60888e+06 -1.9118e+06 574356 -179132 58006.9 -19479.1 6796.16 -2450.25 923.171 -354.16 146.17 -57.7145 27.657 -9.94233 6.69531 -1.3556 2.28996 0.256747 1.12202 0.497637 0.699238 0.458059 0.488276 0.370715 0.356292 0.287185 0.263364 0.217528 0.194384 0.161925 0.142071 0.118396 0.102156 0.0847565 0.0717907 0.0590813 0.0489213 0.0397756 0.0319899 0.025549 0.0197701 0.0153647 0.01127 0.00838419 0.00567342 0.00391622 0.0023003 0.00137301 0.000573131 0.000233623 -2.17886e-05 2.04101e-06 -1.99318e-07 2.0366e-08 -2.17659e-09 2.43161e-10 -2.83796e-11 3.45846e-12 -4.39847e-13 5.83521e-14 -8.0715e-15 1.16362e-15 -1.74767e-16 2.73361e-17 -4.4514e-18 7.54399e-19 -1.33023e-19 2.43979e-20 -4.65347e-21 9.22793e-22 -1.90217e-22 4.0751e-23 -9.07211e-24 2.09853e-24 -5.04501e-25 1.26601e-25 -3.50916e-26 1.36909e-29 
39191.2 8.97892e+06 -4.35801e+06 1.26073e+06 -378723 118141 -38238.6 12855 -4473.49 1622.4 -603.229 238.2 -92.4367 41.4325 -15.3423 9.05123 -2.25824 2.76315 0.113048 1.24206 0.488489 0.741483 0.470393 0.508879 0.383522 0.368673 0.297147 0.271553 0.224731 0.2 0.166973 0.145967 0.12185 0.104859 0.087057 0.0736525 0.0605622 0.0501813 0.0406903 0.0328153 0.0260866 0.0202825 0.0156614 0.0115629 0.00853382 0.00582089 0.0039811 0.00236048 0.00139371 0.000589013 0.000236255 -2.14871e-05 1.9296e-06 -1.8006e-07 1.75805e-08 -1.79639e-09 1.91988e-10 -2.14482e-11 2.50325e-12 -3.05057e-13 3.87972e-14 -5.14701e-15 7.11956e-16 -1.02639e-16 1.54155e-17 -2.41121e-18 3.9264e-19 -6.65426e-20 1.17334e-20 -2.15204e-21 4.10465e-22 -8.1396e-23 1.67783e-23 -3.59449e-24 8.00215e-25 -1.85103e-25 4.45e-26 -1.1167e-26 3.09529e-27 -1.20762e-30 
69482.8 -6.09571e+06 2.95874e+06 -855883 257138 -80191 25972.2 -8718.07 3044.59 -1095.29 414.676 -157.391 66.4231 -24.9995 13.0993 -3.83485 3.52804 -0.149069 1.42072 0.456938 0.798091 0.478533 0.534021 0.395787 0.38293 0.307268 0.280692 0.232176 0.206154 0.172228 0.150175 0.125468 0.107738 0.0894847 0.0756051 0.0621414 0.0514826 0.0416774 0.0336564 0.0266731 0.0207999 0.0159875 0.0118573 0.00869866 0.00596911 0.00405243 0.00242108 0.00141644 0.000604993 0.000239228 -2.12507e-05 1.83109e-06 -1.63237e-07 1.52209e-08 -1.48606e-09 1.51847e-10 -1.62286e-11 1.813e-12 -2.11598e-13 2.57862e-14 -3.27949e-15 4.35073e-16 -6.01811e-17 8.67596e-18 -1.30306e-18 2.03818e-19 -3.31896e-20 5.6248e-21 -9.91815e-22 1.81911e-22 -3.46963e-23 6.88034e-24 -1.41826e-24 3.0384e-25 -6.76416e-26 1.56466e-26 -3.76155e-27 9.43938e-28 -2.61642e-28 1.02079e-31 
40663.9 4.25238e+06 -2.06391e+06 597079 -179355 55954.2 -18106.8 6090.2 -2116.88 769.782 -284.501 113.804 -42.9367 20.3372 -6.655 4.81038 -0.619322 1.69617 0.387575 0.876279 0.479732 0.56523 0.407075 0.399427 0.317537 0.290884 0.239908 0.212882 0.177726 0.154717 0.129265 0.110812 0.0920435 0.0776667 0.0638151 0.0528404 0.0427312 0.0345243 0.0273041 0.021329 0.0163404 0.0121566 0.00887768 0.00611942 0.00412994 0.0024825 0.00144117 0.000621138 0.000242546 -2.10782e-05 1.74466e-06 -1.48585e-07 1.32243e-08 -1.23287e-09 1.20368e-10 -1.22993e-11 1.31449e-12 -1.4685e-13 1.71391e-14 -2.08864e-15 2.65633e-16 -3.52401e-17 4.87455e-18 -7.02737e-19 1.05545e-19 -1.65089e-20 2.68829e-21 -4.55598e-22 8.03352e-23 -1.47344e-23 2.81033e-24 -5.57295e-25 1.14876e-25 -2.46104e-26 5.47884e-27 -1.26735e-27 3.04679e-28 -7.64573e-29 2.11925e-29 -8.26824e-33 
53552.6 -3.03876e+06 1.47498e+06 -426662 128191 -39973.2 12949.8 -4344.24 1519.25 -544.8 207.731 -77.6146 33.8279 -11.8552 7.04819 -1.46852 2.13882 0.252073 0.98878 0.468958 0.605114 0.416503 0.418779 0.327842 0.302299 0.24795 0.220245 0.183498 0.159623 0.133264 0.114099 0.094742 0.0798522 0.0655851 0.0542666 0.0438501 0.0354276 0.0279773 0.021875 0.0167188 0.0124636 0.00907027 0.00627294 0.00421349 0.00254507 0.0014679 0.000637509 0.000246212 -2.09686e-05 1.66969e-06 -1.35881e-07 1.15384e-08 -1.0265e-09 9.56945e-11 -9.34283e-12 9.54662e-13 -1.02029e-13 1.13984e-14 -1.33032e-15 1.62118e-16 -2.06182e-17 2.7353e-18 -3.78358e-19 5.45458e-20 -8.19234e-21 1.2814e-21 -2.08663e-22 3.53631e-23 -6.23554e-24 1.14367e-24 -2.18135e-25 4.32567e-26 -8.91659e-27 1.91024e-27 -4.25263e-28 9.83703e-29 -2.36489e-29 5.93454e-30 -1.64495e-30 6.41773e-34 
37408.1 2.21523e+06 -1.07515e+06 311044 -93428.7 29151.1 -9430.47 3174.17 -1101.49 402.045 -147.345 60.0061 -21.7585 11.1104 -3.02761 2.88082 -0.00194634 1.15821 0.437195 0.658057 0.422466 0.441967 0.33793 0.3152 0.256296 0.228329 0.189573 0.164929 0.137485 0.117621 0.0975925 0.0821753 0.0674562 0.0557713 0.0450353 0.0363732 0.0286926 0.0224424 0.0171222 0.0127805 0.0092762 0.00643068 0.00430305 0.00260912 0.00149664 0.000654169 0.000250235 -2.09218e-05 1.60568e-06 -1.24941e-07 1.01195e-08 -8.58572e-10 7.63732e-11 -7.11971e-12 6.9511e-13 -7.10272e-14 7.59101e-15 -8.48041e-16 9.89761e-17 -1.20616e-17 1.534e-18 -2.03508e-19 2.815e-20 -4.05822e-21 6.09513e-22 -9.53367e-23 1.55246e-23 -2.63103e-24 4.63926e-25 -8.50895e-26 1.62293e-26 -3.21831e-27 6.63397e-28 -1.42122e-28 3.16397e-29 -7.31878e-30 1.75948e-30 -4.41532e-31 1.22384e-31 -4.77481e-35 
42911.1 -1.63752e+06 794849 -229916 69083 -21538.6 6980.15 -2339.67 819.788 -292.688 112.685 -41.2048 18.7514 -5.94678 4.17331 -0.471917 1.42503 0.368425 0.731421 0.422179 0.470531 0.347341 0.329971 0.264903 0.237255 0.195971 0.170682 0.141951 0.121401 0.10061 0.08465 0.0694362 0.0573637 0.0462899 0.0373674 0.0294508 0.023035 0.0175508 0.0131095 0.00949552 0.00659356 0.00439867 0.00267495 0.00152745 0.000671175 0.000254624 -2.09384e-05 1.5523e-06 -1.15612e-07 8.9313e-09 -7.22279e-10 6.12643e-11 -5.44948e-12 5.08013e-13 -4.95982e-14 5.068e-15 -5.41641e-16 6.05103e-17 -7.06224e-18 8.60634e-19 -1.09455e-19 1.45209e-20 -2.00859e-21 2.89566e-22 -4.34906e-23 6.80256e-24 -1.10773e-24 1.87732e-25 -3.31025e-26 6.07139e-27 -1.15801e-27 2.29636e-28 -4.73354e-29 1.01409e-29 -2.25759e-30 5.22217e-31 -1.25545e-31 3.15046e-32 -8.7325e-33 3.40697e-36 
32986.6 1.21844e+06 -591347 171085 -51385 16035.7 -5185.44 1747.05 -604.88 221.919 -80.3921 33.5476 -11.5115 6.49606 -1.33899 1.86155 0.234515 0.837483 0.410971 0.506849 0.355309 0.347157 0.273682 0.247176 0.202713 0.17694 0.146689 0.125465 0.103811 0.087291 0.0715349 0.0590527 0.0476188 0.0384159 0.0302541 0.0236564 0.0180053 0.0134525 0.00972857 0.00676244 0.0045005 0.00274285 0.00156039 0.000688583 0.000259395 -2.10193e-05 1.50932e-06 -1.0777e-07 7.94392e-09 -6.12121e-10 4.94758e-11 -4.19618e-12 3.73246e-13 -3.47948e-14 3.39708e-15 -3.47118e-16 3.70981e-17 -4.14447e-18 4.83707e-19 -5.89465e-20 7.49682e-21 -9.94564e-22 1.37572e-22 -1.9833e-23 2.97876e-24 -4.65921e-25 7.58703e-26 -1.28581e-26 2.26726e-27 -4.15842e-28 7.93146e-29 -1.57282e-29 3.24209e-30 -6.94568e-31 1.54626e-31 -3.57677e-32 8.59879e-33 -2.15781e-33 5.98106e-34 -2.3335e-37 
34981.5 -903539 438591 -126860 38121.4 -11882.8 3852.91 -1289.91 453.217 -160.789 62.7654 -22.2463 10.7575 -2.93534 2.59517 -0.0127626 0.996255 0.38133 0.55448 0.360665 0.367498 0.282496 0.258287 0.209818 0.183768 0.151729 0.129843 0.107218 0.0901137 0.0737646 0.0608474 0.0490285 0.0395241 0.0311056 0.0243097 0.0184872 0.0138112 0.00997591 0.00693813 0.0046088 0.0028131 0.00159555 0.000706451 0.000264564 -2.11664e-05 1.47666e-06 -1.01319e-07 7.13288e-09 -5.23663e-10 4.03106e-11 -3.25748e-12 2.76265e-13 -2.45734e-14 2.29078e-15 -2.23653e-16 2.28532e-17 -2.44243e-18 2.72859e-19 -3.18458e-20 3.88086e-21 -4.93568e-22 6.54791e-23 -9.05733e-24 1.30574e-24 -1.96112e-25 3.06748e-26 -4.99508e-27 8.46539e-28 -1.4927e-28 2.73778e-29 -5.22183e-30 1.0355e-30 -2.1345e-31 4.57282e-32 -1.01801e-32 2.35484e-33 -5.66119e-34 1.42064e-34 -3.93775e-35 1.53631e-38 
28580.6 659658 -320139 92626.2 -27816.6 8683.18 -2806 946.85 -326.649 120.814 -42.9695 18.6224 -5.8468 3.84079 -0.451753 1.23858 0.322079 0.618366 0.361843 0.391908 0.291198 0.2708 0.217325 0.191236 0.157113 0.134564 0.110858 0.0931341 0.0761407 0.062757 0.050527 0.0406975 0.0320092 0.0249982 0.0189983 0.0141874 0.0102383 0.00712142 0.00472388 0.00288599 0.00163304 0.000724835 0.000270152 -2.13821e-05 1.45438e-06 -9.61869e-08 6.47854e-09 -4.53357e-10 3.32258e-11 -2.55655e-12 2.06575e-13 -1.75192e-14 1.5583e-15 -1.45268e-16 1.41828e-17 -1.44922e-18 1.54885e-19 -1.73032e-20 2.01948e-21 -2.46102e-22 3.12992e-23 -4.15231e-24 5.74364e-25 -8.28027e-26 1.24363e-26 -1.94522e-27 3.16759e-28 -5.36826e-29 9.46581e-30 -1.73614e-30 3.31139e-31 -6.56655e-32 1.35358e-32 -2.89982e-33 6.45566e-34 -1.4933e-34 3.59e-35 -9.00888e-36 2.4971e-36 -9.74238e-40 
28692.5 -465743 226092 -65390.4 19653.2 -6123.66 1987.4 -663.908 234.439 -82.2203 32.9007 -11.0136 5.92461 -1.19473 1.60574 0.219349 0.704151 0.357318 0.421241 0.299764 0.284878 0.225328 0.199395 0.162907 0.139655 0.114767 0.096367 0.078683 0.0647905 0.0521247 0.0419416 0.0329701 0.025725 0.019541 0.0145826 0.0105169 0.0073131 0.00484616 0.00296179 0.001673 0.00074379 0.000276183 -2.16694e-05 1.44266e-06 -9.23273e-08 5.96566e-09 -3.98407e-10 2.78016e-11 -2.03587e-12 1.56618e-13 -1.26545e-14 1.0732e-15 -9.5459e-17 8.89889e-18 -8.68814e-19 8.87765e-20 -9.48796e-21 1.05996e-21 -1.2371e-22 1.50758e-23 -1.91734e-24 2.54363e-25 -3.51845e-26 5.07235e-27 -7.61827e-28 1.19161e-28 -1.94041e-29 3.28851e-30 -5.79859e-31 1.06353e-31 -2.0285e-32 4.02255e-33 -8.29177e-34 1.77638e-34 -3.95462e-35 9.14771e-36 -2.19917e-36 5.51868e-37 -1.52968e-37 5.96801e-41 
24549.1 309479 -150179 43457.3 -13047.1 4075.3 -1315.02 445.252 -152.393 57.3671 -19.5905 9.20743 -2.34963 2.13145 0.0651136 0.814253 0.347492 0.455416 0.308731 0.300432 0.234091 0.208227 0.16923 0.145121 0.119 0.0998228 0.0814181 0.0669559 0.0538347 0.0432615 0.0339947 0.0264932 0.0201183 0.0149987 0.010813 0.00751394 0.00497616 0.00304078 0.00171559 0.000763375 0.000282685 -2.20321e-05 1.44179e-06 -8.97171e-08 5.583e-09 -3.56656e-10 2.37174e-11 -1.6527e-12 1.20975e-13 -9.3055e-15 7.51856e-16 -6.37628e-17 5.67159e-18 -5.28717e-19 5.16195e-20 -5.27455e-21 5.63716e-22 -6.29764e-23 7.35006e-24 -8.95709e-25 1.13916e-25 -1.51127e-26 2.09045e-27 -3.01368e-28 4.5263e-29 -7.0798e-30 1.15287e-30 -1.95383e-31 3.44516e-32 -6.31883e-33 1.20521e-33 -2.38995e-34 4.92645e-35 -1.05542e-35 2.34959e-36 -5.435e-37 1.30661e-37 -3.27886e-38 9.08839e-39 -3.54582e-42 
23555.1 -183001 88852.6 -25691.7 7725.65 -2404.4 782.453 -259.726 93.0565 -31.5519 13.5516 -3.81146 2.75884 -0.108839 0.933765 0.340751 0.490803 0.320384 0.316594 0.244296 0.217535 0.176312 0.150927 0.123647 0.1035 0.0843838 0.0692584 0.0556742 0.0446618 0.035091 0.0273057 0.0207339 0.0154373 0.0111281 0.00772473 0.00511449 0.00312325 0.00176101 0.000783648 0.000289691 -2.24747e-05 1.45225e-06 -8.83582e-08 5.32313e-09 -3.26513e-10 2.07329e-11 -1.37558e-12 9.57813e-14 -7.00947e-15 5.39146e-16 -4.35608e-17 3.69426e-18 -3.28598e-19 3.06326e-20 -2.99071e-21 3.05594e-22 -3.26603e-23 3.6487e-24 -4.25845e-25 5.18952e-26 -6.60003e-27 8.75591e-28 -1.21115e-28 1.74605e-29 -2.62243e-30 4.10186e-31 -6.67946e-32 1.132e-32 -1.99604e-33 3.66098e-34 -6.98268e-35 1.38468e-35 -2.85427e-36 6.11482e-37 -1.3613e-37 3.14891e-38 -7.57019e-39 1.89969e-39 -5.26559e-40 2.05436e-43 
20951.9 82032.9 -39789.2 11521.2 -3454.31 1082.27 -346.741 119.359 -39.2916 16.0909 -4.46136 3.045 -0.118489 0.986672 0.3711 0.513003 0.341828 0.330398 0.257641 0.226673 0.184622 0.156933 0.128858 0.107375 0.0876363 0.0716974 0.0576666 0.0461458 0.0362694 0.0281654 0.0213924 0.0158999 0.0114642 0.00794627 0.00526189 0.00320949 0.00180947 0.000804669 0.000297238 -2.30027e-05 1.47465e-06 -8.82779e-08 5.18242e-09 -3.06898e-10 1.86759e-11 -1.18189e-12 7.83148e-14 -5.45069e-15 3.98842e-16 -3.06767e-17 2.47854e-18 -2.10197e-19 1.86966e-20 -1.74294e-21 1.70166e-22 -1.73878e-23 1.85832e-24 -2.07605e-25 2.42298e-26 -2.95275e-27 3.7553e-28 -4.98196e-29 6.89125e-30 -9.93472e-31 1.49212e-31 -2.33389e-32 3.80049e-33 -6.44088e-34 1.13571e-34 -2.08303e-35 3.97302e-36 -7.87858e-37 1.62403e-37 -3.47922e-38 7.74554e-39 -1.79167e-39 4.3073e-40 -1.08089e-40 2.99603e-41 -1.1689e-44 
19321.5 -3445.48 1696.99 -481 150.728 -42.603 17.1194 -3.14495 3.19071 0.559702 1.2086 0.715725 0.708688 0.546787 0.477828 0.392699 0.333616 0.278196 0.23397 0.195135 0.162781 0.134905 0.111372 0.0912641 0.0742609 0.0598448 0.047714 0.0375433 0.0290742 0.0220994 0.0163882 0.0118236 0.00817934 0.00541926 0.00329981 0.00186125 0.000826502 0.000305369 -2.36226e-05 1.50976e-06 -8.95309e-08 5.16104e-09 -2.97216e-10 1.74323e-11 -1.05602e-12 6.66999e-14 -4.4164e-15 3.07304e-16 -2.24847e-17 1.72936e-18 -1.39724e-19 1.18495e-20 -1.054e-21 9.82556e-23 -9.59286e-24 9.80211e-25 -1.0476e-25 1.17034e-26 -1.36592e-27 1.66457e-28 -2.117e-29 2.80851e-30 -3.88484e-31 5.60055e-32 -8.41158e-33 1.31569e-33 -2.14247e-34 3.63095e-35 -6.40242e-36 1.17428e-36 -2.23973e-37 4.44143e-38 -9.15521e-39 1.96136e-39 -4.36643e-40 1.01003e-40 -2.42818e-41 6.09336e-42 -1.68897e-42 6.58948e-46 
17750.8 -54703.7 26573.9 -7678.35 2312.37 -717.235 235.235 -76.664 28.6171 -8.7935 4.57519 -0.709278 1.18065 0.262401 0.524104 0.305269 0.315476 0.235457 0.209878 0.16766 0.142288 0.11532 0.0954109 0.0769151 0.0622567 0.0493623 0.0389307 0.0300334 0.0228622 0.0169034 0.0122092 0.00842472 0.00558761 0.00339451 0.00191664 0.00084921 0.000314133 -2.43417e-05 1.55858e-06 -9.22023e-08 5.26321e-09 -2.97349e-10 1.69413e-11 -9.88207e-13 5.97081e-14 -3.767e-15 2.49317e-16 -1.73455e-17 1.26907e-18 -9.76073e-20 7.88617e-21 -6.68801e-22 5.94886e-23 -5.54565e-24 5.41431e-25 -5.53241e-26 5.91275e-27 -6.60552e-28 7.7094e-29 -9.39499e-30 1.19486e-30 -1.58515e-31 2.19265e-32 -3.16101e-33 4.74759e-34 -7.42592e-35 1.20923e-35 -2.04935e-36 3.61359e-37 -6.62775e-38 1.26413e-38 -2.50679e-39 5.1673e-40 -1.10701e-40 2.46446e-41 -5.70071e-42 1.37049e-42 -3.43916e-43 9.53272e-44 -3.71917e-47 
15839.2 94660.2 -45924.6 13293.4 -3988.39 1247.66 -401.198 136.931 -46.0061 18.0265 -5.60126 3.13379 -0.458703 0.86467 0.194107 0.391333 0.222116 0.233081 0.16983 0.151945 0.118863 0.100318 0.0795871 0.0649745 0.051078 0.0404562 0.0310424 0.0236899 0.0174467 0.0126245 0.00868319 0.0057682 0.00349392 0.00197601 0.000872861 0.000323588 -2.5169e-05 1.62228e-06 -9.64106e-08 5.49756e-09 -3.07679e-10 1.71939e-11 -9.73806e-13 5.66284e-14 -3.41647e-15 2.15408e-16 -1.42532e-17 9.91544e-19 -7.2544e-20 5.57948e-21 -4.50793e-22 3.82303e-23 -3.40052e-24 3.17003e-25 -3.09496e-26 3.16246e-27 -3.37988e-28 3.77588e-29 -4.40688e-30 5.37041e-31 -6.83009e-32 9.06112e-33 -1.25337e-33 1.80691e-34 -2.71384e-35 4.24484e-36 -6.91228e-37 1.17146e-37 -2.06562e-38 3.78859e-39 -7.22607e-40 1.43294e-40 -2.95376e-41 6.32796e-42 -1.40875e-42 3.25867e-43 -7.83406e-44 1.96591e-44 -5.44914e-45 2.12597e-48 
14895.9 -118482 57526.3 -16633.9 5001.77 -1556.79 506.509 -168.23 60.1806 -20.4915 8.71366 -2.5248 1.73183 -0.122183 0.555379 0.173932 0.273547 0.165664 0.165657 0.12129 0.106399 0.0821333 0.0681094 0.0528337 0.0421543 0.0320976 0.0245944 0.0180186 0.0130738 0.00895544 0.00596249 0.00359835 0.00203977 0.000897527 0.000333796 -2.61144e-05 1.70231e-06 -1.02313e-07 5.87768e-09 -3.29135e-10 1.82342e-11 -1.01313e-12 5.71985e-14 -3.32067e-15 2.00182e-16 -1.26171e-17 8.34739e-19 -5.80673e-20 4.2483e-21 -3.26743e-22 2.63991e-23 -2.23882e-24 1.99139e-25 -1.85642e-26 1.81245e-27 -1.85199e-28 1.97931e-29 -2.21121e-30 2.58074e-31 -3.14499e-32 3.9998e-33 -5.30632e-34 7.33992e-35 -1.05815e-35 1.58926e-36 -2.48584e-37 4.04793e-38 -6.86023e-39 1.20966e-39 -2.21865e-40 4.23169e-41 -8.39154e-42 1.72976e-42 -3.70575e-43 8.24983e-44 -1.90832e-44 4.58774e-45 -1.15126e-45 3.19109e-46 -1.245e-49 
12984.2 128886 -62540.3 18098.6 -5432.86 1697.55 -547.351 185.639 -63.3034 24.0107 -8.06889 3.90005 -0.931715 0.919478 0.0470614 0.349587 0.147731 0.186823 0.121224 0.114373 0.0842843 0.0718371 0.0545774 0.0440744 0.0331907 0.0255915 0.0186188 0.0135625 0.00924208 0.00617225 0.00370814 0.0021084 0.000923279 0.000344834 -2.71898e-05 1.80039e-06 -1.1011e-07 6.4229e-09 -3.63267e-10 2.01661e-11 -1.11167e-12 6.15912e-14 -3.47179e-15 2.01389e-16 -1.21356e-17 7.64751e-19 -5.05921e-20 3.51928e-21 -2.57475e-22 1.98028e-23 -1.59996e-24 1.35687e-25 -1.20691e-26 1.12511e-27 -1.09846e-28 1.12242e-29 -1.19959e-30 1.34014e-31 -1.56409e-32 1.90607e-33 -2.42414e-34 3.21598e-35 -4.44847e-36 6.4131e-37 -9.63197e-38 1.50658e-38 -2.45331e-39 4.15774e-40 -7.33131e-41 1.34465e-41 -2.56468e-42 5.08581e-43 -1.04835e-43 2.24592e-44 -4.99993e-45 1.15657e-45 -2.78047e-46 6.97741e-47 -1.93401e-47 7.54551e-51 
12356.9 -128508 62389.1 -18042 5423.93 -1689.06 548.876 -182.827 64.9714 -22.4694 9.24732 -2.9085 1.73492 -0.253881 0.49928 0.100931 0.221969 0.116035 0.12551 0.0855486 0.0764397 0.0562158 0.0462889 0.0343055 0.0267024 0.0192458 0.0140971 0.00954355 0.00639958 0.0038236 0.00218246 0.000950194 0.000356785 -2.8409e-05 1.91858e-06 -1.20055e-07 7.1593e-09 -4.12368e-10 2.31641e-11 -1.28096e-12 7.04565e-14 -3.89857e-15 2.19599e-16 -1.27335e-17 7.67177e-19 -4.83416e-20 3.19794e-21 -2.22453e-22 1.62748e-23 -1.25172e-24 1.01132e-25 -8.5767e-27 7.62882e-28 -7.11174e-29 6.94331e-30 -7.09477e-31 7.58251e-32 -8.47092e-33 9.88653e-34 -1.20481e-34 1.53228e-35 -2.0328e-36 2.81185e-37 -4.05368e-38 6.08831e-39 -9.523e-40 1.55072e-40 -2.62808e-41 4.63407e-42 -8.49943e-43 1.62112e-43 -3.21471e-44 6.62655e-45 -1.41963e-45 3.16043e-46 -7.31059e-47 1.75752e-47 -4.41038e-48 1.22247e-48 -4.76947e-52 
10638.5 120359 -58404.4 16900.9 -5073.83 1585.01 -511.339 173.204 -59.2431 22.3164 -7.62479 3.56559 -0.935814 0.801874 -0.0052868 0.283672 0.100726 0.142066 0.0850419 0.0823773 0.0575862 0.0489054 0.0354136 0.0279557 0.0198957 0.0146864 0.00986 0.00664706 0.00394507 0.00226262 0.000978353 0.000369749 -2.9788e-05 2.05934e-06 -1.32463e-07 8.12107e-09 -4.79633e-10 2.74895e-11 -1.54e-12 8.50293e-14 -4.67265e-15 2.58418e-16 -1.45519e-17 8.43673e-19 -5.08263e-20 3.20258e-21 -2.11858e-22 1.4737e-23 -1.07817e-24 8.29237e-26 -6.6998e-27 5.68188e-28 -5.05393e-29 4.71137e-30 -4.5998e-31 4.70013e-32 -5.02325e-33 5.6118e-34 -6.54961e-35 7.98163e-36 -1.0151e-36 1.34668e-37 -1.86279e-38 2.68547e-39 -4.03337e-40 6.30878e-41 -1.02732e-41 1.74105e-42 -3.06997e-43 5.63069e-44 -1.07396e-44 2.12968e-45 -4.38994e-46 9.40476e-47 -2.09371e-47 4.84311e-48 -1.16432e-48 2.92178e-49 -8.09863e-50 3.15967e-53 
10123.7 -107061 51976.4 -15030.9 4518.64 -1407.21 457.233 -152.348 54.0972 -18.7476 7.67773 -2.4475 1.42263 -0.232685 0.396271 0.0658459 0.16808 0.0811865 0.0904081 0.0584113 0.0520863 0.0364672 0.0293915 0.0205618 0.0153412 0.0101912 0.0069178 0.00407282 0.00234965 0.00100784 0.00038384 -3.13454e-05 2.22558e-06 -1.47722e-07 9.35225e-09 -5.69384e-10 3.35151e-11 -1.91753e-12 1.07319e-13 -5.92226e-15 3.25344e-16 -1.79896e-17 1.01292e-18 -5.87228e-20 3.53761e-21 -2.22903e-22 1.47455e-23 -1.02571e-24 7.50416e-26 -5.77154e-27 4.6631e-28 -3.95462e-29 3.51757e-30 -3.27915e-31 3.20149e-32 -3.27132e-33 3.49621e-34 -3.90585e-35 4.55857e-36 -5.55526e-37 7.06519e-38 -9.37301e-39 1.29651e-39 -1.86911e-40 2.80725e-41 -4.39095e-42 7.15021e-43 -1.21178e-43 2.13672e-44 -3.91899e-45 7.4748e-46 -1.48227e-46 3.05543e-47 -6.54577e-48 1.45724e-48 -3.37083e-49 8.10371e-50 -2.03358e-50 5.6367e-51 -2.19915e-54 
8693.66 91165.2 -44237.4 12801.6 -3843 1200.64 -387.252 131.231 -44.8459 16.9215 -5.76382 2.70713 -0.70625 0.607047 -0.00647971 0.21083 0.0711773 0.101795 0.0582221 0.0560804 0.0373873 0.0310658 0.0212325 0.0160758 0.0105363 0.00721564 0.00420712 0.00244448 0.00103873 0.000399188 -3.3103e-05 2.42078e-06 -1.66307e-07 1.0909e-08 -6.87359e-10 4.17588e-11 -2.45547e-12 1.40411e-13 -7.85612e-15 4.33457e-16 -2.38099e-17 1.31648e-18 -7.4123e-20 4.2971e-21 -2.58866e-22 1.6311e-23 -1.079e-24 7.50562e-26 -5.49118e-27 4.22333e-28 -3.41223e-29 2.8938e-30 -2.57398e-31 2.39952e-32 -2.34269e-33 2.39379e-34 -2.55836e-35 2.85811e-36 -3.33574e-37 4.06507e-38 -5.16996e-39 6.85871e-40 -9.48724e-41 1.36772e-41 -2.05421e-42 3.21308e-43 -5.23217e-44 8.86721e-45 -1.56355e-45 2.86773e-46 -5.46969e-47 1.08465e-47 -2.23581e-48 4.78988e-49 -1.06634e-49 2.46661e-50 -5.9299e-51 1.48807e-51 -4.12466e-52 1.60923e-55 
8192.16 -74554.6 36196.6 -10467 3146.97 -979.807 318.528 -106.009 37.7354 -13.0093 5.3809 -1.67958 1.00828 -0.150109 0.283512 0.0500318 0.118658 0.0562309 0.0612724 0.0380468 0.0330583 0.021889 0.016909 0.0108935 0.00754531 0.00434816 0.00254821 0.00107112 0.000415949 -3.50865e-05 2.64908e-06 -1.88804e-07 1.28624e-08 -8.41112e-10 5.29303e-11 -3.21383e-12 1.88926e-13 -1.08018e-14 6.04321e-16 -3.33415e-17 1.83141e-18 -1.01259e-19 5.70126e-21 -3.30515e-22 1.99109e-23 -1.25457e-24 8.29921e-26 -5.77299e-27 4.22357e-28 -3.2484e-29 2.62454e-30 -2.22578e-31 1.97979e-32 -1.8456e-33 1.8019e-34 -1.8412e-35 1.96778e-36 -2.19833e-37 2.5657e-38 -3.12667e-39 3.9765e-40 -5.27542e-41 7.29717e-42 -1.05199e-42 1.58001e-43 -2.47136e-44 4.02436e-45 -6.82027e-46 1.20261e-46 -2.20573e-47 4.20705e-48 -8.34266e-49 1.71969e-49 -3.68416e-50 8.20178e-51 -1.89721e-51 4.56102e-52 -1.14456e-52 3.17251e-53 -1.23775e-56 
7061 58785.7 -28523.6 8255.02 -2477.68 774.382 -249.551 84.7295 -28.8334 10.9739 -3.66922 1.78091 -0.429362 0.410181 0.00888843 0.144583 0.0511174 0.0682642 0.038242 0.0354839 0.0225016 0.0178657 0.0112598 0.00791272 0.00449603 0.00266214 0.0011051 0.000434303 -3.7326e-05 2.91541e-06 -2.15927e-07 1.53025e-08 -1.04053e-09 6.79959e-11 -4.27768e-12 2.597e-13 -1.52655e-14 8.72774e-16 -4.88277e-17 2.69389e-18 -1.47972e-19 8.18135e-21 -4.60639e-22 2.67043e-23 -1.60872e-24 1.01364e-25 -6.70542e-27 4.66434e-28 -3.41247e-29 2.62457e-30 -2.12052e-31 1.79834e-32 -1.59959e-33 1.49117e-34 -1.45586e-35 1.48761e-36 -1.58988e-37 1.77616e-38 -2.07298e-39 2.52622e-40 -3.21285e-41 4.26232e-42 -5.89581e-43 8.49965e-44 -1.27658e-44 1.99676e-45 -3.25151e-46 5.51049e-47 -9.7166e-48 1.78214e-48 -3.39912e-49 6.74052e-50 -1.38944e-50 2.97665e-51 -6.6267e-52 1.53287e-52 -3.68511e-53 9.24756e-54 -2.56325e-54 1.00005e-57 
6550.59 -44719.4 21713.6 -6278.11 1888.05 -587.504 191.239 -63.4642 22.73 -7.7322 3.28173 -0.966928 0.634953 -0.0680561 0.185681 0.0406675 0.0780055 0.0376483 0.0385096 0.0230246 0.0189796 0.0116301 0.00832533 0.00465068 0.00278785 0.00114074 0.000454462 -3.98573e-05 3.22572e-06 -2.48552e-07 1.83427e-08 -1.29854e-09 8.82656e-11 -5.76713e-12 3.62796e-13 -2.20249e-14 1.29464e-15 -7.40179e-17 4.14095e-18 -2.28461e-19 1.2549e-20 -6.93836e-22 3.90654e-23 -2.26471e-24 1.3643e-25 -8.59638e-27 5.68666e-28 -3.95568e-29 2.89401e-30 -2.22582e-31 1.79835e-32 -1.52512e-33 1.35656e-34 -1.26462e-35 1.23467e-36 -1.2616e-37 1.34833e-38 -1.50631e-39 1.75803e-40 -2.14241e-41 2.72472e-42 -3.61474e-43 5.00006e-44 -7.20829e-45 1.08263e-45 -1.69339e-46 2.75751e-47 -4.67328e-48 8.24035e-49 -1.51138e-49 2.88269e-50 -5.71643e-51 1.17834e-51 -2.52441e-52 5.6199e-53 -1.29998e-53 3.12523e-54 -7.84257e-55 2.17382e-55 -8.48112e-59 
5677.44 32913.6 -15967.9 4622.14 -1386.78 433.784 -139.534 47.5674 -16.0437 6.2183 -1.99798 1.03923 -0.209095 0.252437 0.0211623 0.0920078 0.0357496 0.0423814 0.0233875 0.0202962 0.0119966 0.00879258 0.00481185 0.00292727 0.00117814 0.000476676 -4.27228e-05 3.58712e-06 -2.87755e-07 2.21263e-08 -1.63198e-09 1.15513e-10 -7.85136e-12 5.12985e-13 -3.22703e-14 1.95908e-15 -1.15156e-16 6.58377e-18 -3.68331e-19 2.03212e-20 -1.11622e-21 6.17155e-23 -3.4748e-24 2.01442e-25 -1.21352e-26 7.64633e-28 -5.05819e-29 3.51851e-30 -2.57417e-31 1.97983e-32 -1.5996e-33 1.35657e-34 -1.20664e-35 1.12485e-36 -1.09821e-37 1.12217e-38 -1.19932e-39 1.33983e-40 -1.56374e-41 1.90564e-42 -2.42359e-43 3.21525e-44 -4.44746e-45 6.41165e-46 -9.62979e-47 1.50624e-47 -2.45275e-48 4.1568e-49 -7.32965e-50 1.34434e-50 -2.5641e-51 5.08467e-52 -1.04811e-52 2.24542e-53 -4.9988e-54 1.15631e-54 -2.77984e-55 6.97583e-56 -1.93357e-56 7.5438e-60 
5175.47 -23418.9 11373.3 -3287.53 989.204 -307.452 100.337 -33.1074 12.0028 -3.97588 1.77416 -0.465122 0.362963 -0.0136657 0.112697 0.0317251 0.0474644 0.0234833 0.0218783 0.0123475 0.00932657 0.00497897 0.00308273 0.00121735 0.000501244 -4.59732e-05 4.00822e-06 -3.34863e-07 2.68344e-08 -2.06286e-09 1.52141e-10 -1.07685e-11 7.31923e-13 -4.78216e-14 3.0083e-15 -1.8263e-16 1.07351e-17 -6.13753e-19 3.43365e-20 -1.89439e-21 1.04056e-22 -5.75325e-24 3.23928e-25 -1.87788e-26 1.13127e-27 -7.12806e-29 4.71534e-30 -3.28003e-31 2.3997e-32 -1.84564e-33 1.49118e-34 -1.26462e-35 1.12485e-36 -1.04861e-37 1.02378e-38 -1.04611e-39 1.11803e-40 -1.24902e-41 1.45775e-42 -1.77647e-43 2.25932e-44 -2.99732e-45 4.14601e-46 -5.97707e-47 8.97709e-48 -1.40415e-48 2.28651e-49 -3.87505e-50 6.83285e-51 -1.25322e-51 2.39031e-52 -4.74003e-53 9.77071e-54 -2.09322e-54 4.65999e-55 -1.07793e-55 2.59142e-56 -6.50301e-57 1.80252e-57 -7.03249e-61 
4502.43 16156.4 -7836.08 2269.11 -680.285 213.142 -68.3114 23.4729 -7.78006 3.12232 -0.928207 0.548775 -0.0744247 0.143995 0.0242668 0.0543064 0.0231492 0.0238127 0.012665 0.00994298 0.00515101 0.00325709 0.00125846 0.000528522 -4.96693e-05 4.49948e-06 -3.91513e-07 3.26966e-08 -2.61995e-09 2.01402e-10 -1.48538e-11 1.05135e-12 -7.14589e-14 4.6689e-15 -2.93706e-16 1.78305e-17 -1.04809e-18 5.99217e-20 -3.35233e-21 1.84952e-22 -1.01592e-23 5.61699e-25 -3.16256e-26 1.83341e-27 -1.10448e-28 6.95925e-30 -4.60367e-31 3.20235e-32 -2.34286e-33 1.80193e-34 -1.45586e-35 1.23467e-36 -1.09822e-37 1.02378e-38 -9.99532e-40 1.02133e-40 -1.09155e-41 1.21944e-42 -1.42323e-43 1.7344e-44 -2.20581e-45 2.92634e-46 -4.04783e-47 5.83552e-48 -8.76449e-49 1.37089e-49 -2.23236e-50 3.78328e-51 -6.67103e-52 1.22354e-52 -2.3337e-53 4.62777e-54 -9.53932e-55 2.04365e-55 -4.54962e-56 1.0524e-56 -2.53005e-57 6.349e-58 -1.75983e-58 6.86594e-62 
4035.2 -10783.2 5238.88 -1513.53 455.905 -141.367 46.3726 -15.1283 5.61577 -1.76594 0.865098 -0.179164 0.1923 0.0112831 0.0637365 0.0221381 0.0262215 0.0129229 0.0106622 0.00532633 0.00345391 0.00130148 0.000558941 -5.3885e-05 5.07364e-06 -4.59738e-07 4.00049e-08 -3.34097e-09 2.6771e-10 -2.05795e-11 1.51778e-12 -1.07428e-13 7.30176e-15 -4.77074e-16 3.00112e-17 -1.82194e-18 1.07095e-19 -6.12288e-21 3.42546e-22 -1.88986e-23 1.03808e-24 -5.73952e-26 3.23155e-27 -1.8734e-28 1.12857e-29 -7.11105e-31 4.70409e-32 -3.2722e-33 2.39397e-34 -1.84123e-35 1.48762e-36 -1.2616e-37 1.12217e-38 -1.04611e-39 1.02133e-40 -1.04361e-41 1.11536e-42 -1.24604e-43 1.45427e-44 -1.77223e-45 2.25393e-46 -2.99017e-47 4.13612e-48 -5.96281e-49 8.95566e-50 -1.4008e-50 2.28105e-51 -3.86581e-52 6.81654e-53 -1.25023e-53 2.3846e-54 -4.72872e-55 9.74739e-56 -2.08823e-56 4.64886e-57 -1.07536e-57 2.58524e-58 -6.48749e-59 1.79821e-59 -7.0157e-63 
3509.94 6991.4 -3388.96 982.113 -293.979 92.4183 -29.4005 10.2639 -3.28548 1.40945 -0.358779 0.268124 -0.0105852 0.0770208 0.0200739 0.0292774 0.0130826 0.0115114 0.0055024 0.00367766 0.00134644 0.000593021 -5.87099e-05 5.74634e-06 -5.42072e-07 4.91318e-08 -4.27547e-09 3.57065e-10 -2.86114e-11 2.19943e-12 -1.62212e-13 1.14814e-14 -7.80374e-16 5.09872e-17 -3.20744e-18 1.94719e-19 -1.14457e-20 6.54381e-22 -3.66095e-23 2.01979e-24 -1.10944e-25 6.13409e-27 -3.45371e-28 2.00219e-29 -1.20616e-30 7.59992e-32 -5.02748e-33 3.49715e-34 -2.55855e-35 1.96781e-36 -1.58989e-37 1.34833e-38 -1.19932e-39 1.11803e-40 -1.09155e-41 1.11536e-42 -1.19204e-43 1.3317e-44 -1.55425e-45 1.89407e-46 -2.40888e-47 3.19573e-48 -4.42047e-49 6.37273e-50 -9.57134e-51 1.4971e-51 -2.43787e-52 4.13157e-53 -7.28516e-54 1.33618e-54 -2.54854e-55 5.0538e-56 -1.04175e-56 2.23179e-57 -4.96846e-58 1.14929e-58 -2.76297e-59 6.93349e-60 -1.92184e-60 7.49801e-64 
3096.58 -4383.54 2131.51 -615.09 185.704 -57.2989 18.997 -6.05396 2.35541 -0.666505 0.388888 -0.0467628 0.0961109 0.0163829 0.0332275 0.0130876 0.0125263 0.00567539 0.00393392 0.00139329 0.0006314 -6.42539e-05 6.53693e-06 -6.41692e-07 6.05547e-08 -5.48877e-09 4.77639e-10 -3.989e-11 3.19637e-12 -2.45712e-13 1.81218e-14 -1.28266e-15 8.71807e-17 -5.69611e-18 3.58325e-19 -2.17534e-20 1.27868e-21 -7.31052e-23 4.08989e-24 -2.25644e-25 1.23943e-26 -6.8528e-28 3.85836e-29 -2.23678e-30 1.34748e-31 -8.49036e-33 5.61653e-34 -3.9069e-35 2.85832e-36 -2.19837e-37 1.77617e-38 -1.50631e-39 1.33983e-40 -1.24902e-41 1.21944e-42 -1.24604e-43 1.3317e-44 -1.48773e-45 1.73635e-46 -2.11599e-47 2.69112e-48 -3.57016e-49 4.93839e-50 -7.1194e-51 1.06928e-51 -1.67251e-52 2.7235e-53 -4.61565e-54 8.13873e-55 -1.49274e-55 2.84714e-56 -5.64593e-57 1.16381e-57 -2.49327e-58 5.55059e-59 -1.28394e-59 3.08669e-60 -7.74586e-61 2.14701e-61 -8.37652e-65 
2680.76 2676.93 -1295.92 376.204 -112.224 35.5375 -11.1268 4.0145 -1.19475 0.583708 -0.106065 0.124043 0.0101862 0.0384294 0.0128548 0.0137554 0.0058397 0.00422984 0.00144193 0.000674866 -7.06531e-05 7.46943e-06 -7.62607e-07 7.48888e-08 -7.06737e-09 6.40602e-10 -5.57459e-11 4.65562e-12 -3.73052e-13 2.86774e-14 -2.11502e-15 1.49701e-16 -1.0175e-17 6.64801e-19 -4.18206e-20 2.53887e-21 -1.49236e-22 8.53221e-24 -4.77336e-25 2.63352e-26 -1.44655e-27 7.99799e-29 -4.50315e-30 2.61058e-31 -1.57266e-32 9.90922e-34 -6.55513e-35 4.5598e-36 -3.33599e-37 2.56575e-38 -2.07299e-39 1.75803e-40 -1.56374e-41 1.45775e-42 -1.42323e-43 1.45427e-44 -1.55425e-45 1.73635e-46 -2.02652e-47 2.4696e-48 -3.14084e-49 4.16679e-50 -5.76367e-51 8.30914e-52 -1.24797e-52 1.952e-53 -3.17863e-54 5.38698e-55 -9.49882e-56 1.7422e-56 -3.32293e-57 6.58945e-58 -1.3583e-58 2.90993e-59 -6.47817e-60 1.49851e-60 -3.60252e-61 9.04029e-62 -2.5058e-62 9.77635e-66 
2329.48 -1577.4 768.537 -221.193 67.1283 -20.4848 6.95077 -2.1052 0.901688 -0.202918 0.165587 0.00012975 0.0454057 0.0122623 0.0152648 0.00598714 0.00457463 0.00149214 0.000724396 -7.80769e-05 8.57402e-06 -9.09903e-07 9.29305e-08 -9.12621e-09 8.61258e-10 -7.80663e-11 6.79343e-12 -5.67353e-13 4.54617e-14 -3.49475e-15 2.57745e-16 -1.82431e-17 1.23996e-18 -8.10154e-20 5.09643e-21 -3.09397e-22 1.81866e-23 -1.03977e-24 5.81701e-26 -3.20931e-27 1.76283e-28 -9.74668e-30 5.48772e-31 -3.18136e-32 1.91651e-33 -1.20758e-34 7.98835e-36 -5.55675e-37 4.06537e-38 -3.12673e-39 2.52623e-40 -2.14241e-41 1.90564e-42 -1.77647e-43 1.7344e-44 -1.77223e-45 1.89407e-46 -2.11599e-47 2.4696e-48 -3.00956e-49 3.82756e-50 -5.07782e-51 7.02384e-52 -1.01259e-52 1.52083e-53 -2.37879e-54 3.87362e-55 -6.5648e-56 1.15757e-56 -2.12311e-57 4.04946e-58 -8.03017e-59 1.65527e-59 -3.54617e-60 7.89457e-61 -1.82615e-61 4.39018e-62 -1.10169e-62 3.05368e-63 -1.19139e-66 
1997.91 909.878 -439.126 127.998 -37.8771 12.1952 -3.68314 1.42643 -0.361116 0.228309 -0.0158858 0.0549285 0.0111301 0.0171455 0.00610587 0.00498024 0.00154359 0.000781223 -8.67385e-05 9.88882e-06 -1.09009e-06 1.15718e-07 -1.18189e-08 1.16067e-09 -1.09535e-10 9.92848e-12 -8.63989e-13 7.21559e-14 -5.78182e-15 4.44462e-16 -3.27801e-17 2.32016e-18 -1.57699e-19 1.03035e-20 -6.48164e-22 3.93491e-23 -2.31297e-24 1.32238e-25 -7.39808e-27 4.08161e-28 -2.24197e-29 1.23958e-30 -6.97929e-32 4.04605e-33 -2.43742e-34 1.5358e-35 -1.01596e-36 7.06708e-38 -5.17034e-39 3.97657e-40 -3.21286e-41 2.72472e-42 -2.42359e-43 2.25932e-44 -2.20581e-45 2.25393e-46 -2.40888e-47 2.69112e-48 -3.14084e-49 3.82756e-50 -4.86789e-51 6.45797e-52 -8.93292e-53 1.28781e-53 -1.93419e-54 3.02535e-55 -4.92647e-56 8.34912e-57 -1.47219e-57 2.70017e-58 -5.15011e-59 1.02128e-59 -2.10518e-60 4.51002e-61 -1.00403e-61 2.32249e-62 -5.58343e-63 1.40113e-63 -3.88367e-64 1.51521e-67 
1708.6 -503.282 246.406 -70.4632 21.6515 -6.4364 2.30174 -0.620232 0.324348 -0.0411384 0.0681531 0.00919168 0.0195246 0.00617876 0.00546246 0.00159573 0.000846911 -9.69092e-05 1.14625e-05 -1.31156e-06 1.44613e-07 -1.53517e-08 1.56795e-09 -1.5398e-10 1.45314e-11 -1.31716e-12 1.14621e-13 -9.57255e-15 7.67043e-16 -5.89644e-17 4.34876e-18 -3.07804e-19 2.09211e-20 -1.36692e-21 8.59884e-23 -5.22024e-24 3.06849e-25 -1.75433e-26 9.81464e-28 -5.41485e-29 2.9743e-30 -1.64449e-31 9.25906e-33 -5.36768e-34 3.23359e-35 -2.03746e-36 1.34782e-37 -9.37553e-39 6.85922e-40 -5.27551e-41 4.26233e-42 -3.61474e-43 3.21525e-44 -2.99732e-45 2.92634e-46 -2.99017e-47 3.19573e-48 -3.57016e-49 4.16679e-50 -5.07782e-51 6.45797e-52 -8.56745e-53 1.18508e-53 -1.70847e-54 2.56598e-55 -4.01357e-56 6.53568e-57 -1.10763e-57 1.95308e-58 -3.58218e-59 6.83238e-60 -1.35487e-60 2.79283e-61 -5.9832e-62 1.332e-62 -3.08113e-63 7.40724e-64 -1.8588e-64 5.15225e-65 -2.01014e-68 
1445.04 275.69 -132.015 38.8753 -11.2772 3.77773 -1.04667 0.473394 -0.0807872 0.0868286 0.00604994 0.0225822 0.00618114 0.00604236 0.00164773 0.000923476 -0.000108937 1.33578e-05 -1.58523e-06 1.81418e-07 -2.00035e-08 2.12351e-09 -2.16885e-10 2.12991e-11 -2.01004e-12 1.82195e-13 -1.58548e-14 1.32411e-15 -1.06101e-16 8.1562e-18 -6.01538e-19 4.25767e-20 -2.89389e-21 1.89077e-22 -1.18943e-23 7.22084e-25 -4.24446e-26 2.42666e-27 -1.3576e-28 7.49004e-30 -4.11417e-31 2.27472e-32 -1.28075e-33 7.42479e-35 -4.47283e-36 2.8183e-37 -1.86436e-38 1.29686e-39 -9.48794e-41 7.2973e-42 -5.89583e-43 5.00006e-44 -4.44746e-45 4.14601e-46 -4.04783e-47 4.13612e-48 -4.42047e-49 4.93839e-50 -5.76367e-51 7.02384e-52 -8.93292e-53 1.18508e-53 -1.63926e-54 2.36322e-55 -3.54937e-56 5.55174e-57 -9.04042e-58 1.53212e-58 -2.70158e-59 4.95501e-60 -9.45082e-61 1.87412e-61 -3.86315e-62 8.2762e-63 -1.84247e-63 4.26194e-64 -1.0246e-64 2.57117e-65 -7.12681e-66 2.78051e-69 
1213.06 -142.385 70.6101 -19.8578 6.29499 -1.75286 0.707811 -0.143022 0.113641 0.0011095 0.0265769 0.00607737 0.00674855 0.00169837 0.00101355 -0.000123277 1.56565e-05 -1.92544e-06 2.28531e-07 -2.61539e-08 2.88379e-09 -3.06134e-10 3.1267e-11 -3.07058e-12 2.89776e-13 -2.6266e-14 2.2857e-15 -1.9089e-16 1.52959e-17 -1.17583e-18 8.67202e-20 -6.13804e-21 4.17195e-22 -2.72582e-23 1.71473e-24 -1.04099e-25 6.11899e-27 -3.49838e-28 1.95718e-29 -1.0798e-30 5.93117e-32 -3.27934e-33 1.84638e-34 -1.07039e-35 6.44823e-37 -4.06298e-38 2.68774e-39 -1.86961e-40 1.36782e-41 -1.05201e-42 8.49968e-44 -7.2083e-45 6.41165e-46 -5.97707e-47 5.83552e-48 -5.96281e-49 6.37273e-50 -7.1194e-51 8.30914e-52 -1.01259e-52 1.28781e-53 -1.70847e-54 2.36322e-55 -3.40692e-56 5.11692e-57 -8.00362e-58 1.30331e-58 -2.20877e-59 3.89471e-60 -7.14336e-61 1.36247e-61 -2.70181e-62 5.56929e-63 -1.19313e-63 2.65618e-64 -6.1442e-65 1.47711e-65 -3.70671e-66 1.02743e-66 -4.00851e-70 
1006.38 75.0338 -35.179 10.6422 -2.93079 1.08157 -0.24095 0.152782 -0.00652838 0.0318872 0.00581591 0.00762047 0.00174587 0.0011206 -0.000140525 1.84666e-05 -2.35125e-06 2.89185e-07 -3.43236e-08 3.92811e-09 -4.33122e-10 4.59788e-11 -4.69606e-12 4.61176e-13 -4.35221e-14 3.94494e-15 -3.43294e-16 2.86701e-17 -2.29732e-18 1.76601e-19 -1.30247e-20 9.21885e-22 -6.26594e-23 4.09397e-24 -2.57539e-25 1.56348e-26 -9.19025e-28 5.25429e-29 -2.93952e-30 1.62177e-31 -8.90815e-33 4.92531e-34 -2.77312e-35 1.60764e-36 -9.68473e-38 6.10228e-39 -4.03677e-40 2.80801e-41 -2.05436e-42 1.58003e-43 -1.27658e-44 1.08263e-45 -9.62979e-47 8.97709e-48 -8.76449e-49 8.95566e-50 -9.57134e-51 1.06928e-51 -1.24797e-52 1.52083e-53 -1.93419e-54 2.56598e-55 -3.54937e-56 5.11692e-57 -7.68521e-58 1.20208e-58 -1.95746e-59 3.3174e-60 -5.84955e-61 1.07288e-61 -2.04632e-62 4.0579e-63 -8.36463e-64 1.79199e-64 -3.98938e-65 9.2281e-66 -2.2185e-66 5.56718e-67 -1.54312e-67 6.02046e-71 
825.344 -35.5572 18.2696 -4.90961 1.6864 -0.39571 0.210904 -0.0182287 0.0390766 0.00532215 0.00871356 0.00178766 0.00124933 -0.000161484 2.19324e-05 -2.88825e-06 3.67769e-07 -4.52327e-08 5.36871e-09 -6.14415e-10 6.77467e-11 -7.19176e-12 7.34533e-13 -7.21347e-14 6.8075e-15 -6.17047e-16 5.36962e-17 -4.48443e-18 3.59335e-19 -2.76229e-20 2.03725e-21 -1.44196e-22 9.80084e-24 -6.40356e-25 4.02828e-26 -2.44551e-27 1.43749e-28 -8.21848e-30 4.59784e-31 -2.53668e-32 1.39336e-33 -7.70391e-35 4.33757e-36 -2.51459e-37 1.51483e-38 -9.54486e-40 6.3141e-41 -4.39213e-42 3.21332e-43 -2.47141e-44 1.99677e-45 -1.69339e-46 1.50624e-47 -1.40415e-48 1.37089e-49 -1.4008e-50 1.4971e-51 -1.67251e-52 1.952e-53 -2.37879e-54 3.02535e-55 -4.01357e-56 5.55174e-57 -8.00362e-58 1.20208e-58 -1.88023e-59 3.06176e-60 -5.18891e-61 9.14955e-62 -1.67813e-62 3.20075e-63 -6.34715e-64 1.30835e-64 -2.80294e-65 6.23997e-66 -1.44341e-66 3.47005e-67 -8.70788e-68 2.41367e-68 -9.41688e-72 
667.014 18.6592 -8.24458 2.68253 -0.641468 0.298825 -0.0360724 0.0490041 0.00448819 0.0101075 0.00182011 0.00140614 -0.000187243 2.62497e-05 -3.5713e-06 4.70321e-07 -5.98873e-08 7.36568e-09 -8.74239e-10 1.00051e-10 -1.10318e-11 1.1711e-12 -1.19611e-13 1.17464e-14 -1.10853e-15 1.0048e-16 -8.74386e-18 7.30242e-19 -5.8514e-20 4.49811e-21 -3.31745e-22 2.34808e-23 -1.59596e-24 1.04275e-25 -6.55963e-27 3.98226e-28 -2.3408e-29 1.33829e-30 -7.48711e-32 4.13073e-33 -2.26895e-34 1.2545e-35 -7.06328e-37 4.09474e-38 -2.46675e-39 1.55428e-40 -1.02818e-41 7.15213e-43 -5.23256e-44 4.02443e-45 -3.25152e-46 2.75751e-47 -2.45276e-48 2.28651e-49 -2.23236e-50 2.28105e-51 -2.43787e-52 2.7235e-53 -3.17863e-54 3.87362e-55 -4.92647e-56 6.53568e-57 -9.04042e-58 1.30331e-58 -1.95746e-59 3.06176e-60 -4.98575e-61 8.44959e-62 -1.48991e-62 2.73267e-63 -5.21208e-64 1.03357e-64 -2.13051e-65 4.56429e-66 -1.01611e-66 2.35044e-67 -5.65062e-68 1.41799e-68 -3.9304e-69 1.53344e-72 
530.246 -7.67872 4.3673 -1.03263 0.434706 -0.0632197 0.0630166 0.0031592 0.0119197 0.00183819 0.00160005 -0.000219314 3.16891e-05 -4.44854e-06 6.05244e-07 -7.97075e-08 1.01494e-08 -1.2483e-09 1.48161e-10 -1.69561e-11 1.86962e-12 -1.98473e-13 2.0271e-14 -1.99072e-15 1.87868e-16 -1.70288e-17 1.48186e-18 -1.23758e-19 9.91664e-21 -7.62316e-22 5.62224e-23 -3.97941e-24 2.70476e-25 -1.7672e-26 1.11169e-27 -6.74893e-29 3.96707e-30 -2.26807e-31 1.26888e-32 -7.00054e-34 3.8453e-35 -2.12606e-36 1.19705e-37 -6.93955e-39 4.18051e-40 -2.63411e-41 1.74251e-42 -1.21211e-43 8.86787e-45 -6.82039e-46 5.51051e-47 -4.67328e-48 4.1568e-49 -3.87505e-50 3.78328e-51 -3.86581e-52 4.13157e-53 -4.61565e-54 5.38698e-55 -6.5648e-56 8.34912e-57 -1.10763e-57 1.53212e-58 -2.20877e-59 3.3174e-60 -5.18891e-61 8.44959e-62 -1.43199e-62 2.52502e-63 -4.63118e-64 8.83317e-65 -1.75164e-65 3.61068e-66 -7.73532e-67 1.72206e-67 -3.98341e-68 9.57637e-69 -2.40313e-69 6.66104e-70 -2.59879e-73 
413.124 4.41121 -1.64716 0.650805 -0.104342 0.0833079 0.00111817 0.0143287 0.00183516 0.00184399 -0.000259839 3.86306e-05 -5.58762e-06 7.84407e-07 -1.06722e-07 1.40547e-08 -1.78963e-09 2.20111e-10 -2.61252e-11 2.98986e-12 -3.29668e-13 3.49965e-14 -3.57437e-15 3.51021e-16 -3.31266e-17 3.00266e-18 -2.61296e-19 2.18221e-20 -1.74859e-21 1.34418e-22 -9.91365e-24 7.01686e-25 -4.76928e-26 3.11609e-27 -1.96024e-28 1.19003e-29 -6.99509e-31 3.99927e-32 -2.2374e-33 1.2344e-34 -6.78038e-36 3.74887e-37 -2.11074e-38 1.22364e-39 -7.37146e-41 4.64471e-42 -3.07256e-43 2.13729e-44 -1.56366e-45 1.20263e-46 -9.71663e-48 8.24036e-49 -7.32965e-50 6.83285e-51 -6.67103e-52 6.81654e-53 -7.28516e-54 8.13873e-55 -9.49882e-56 1.15757e-56 -1.47219e-57 1.95308e-58 -2.70158e-59 3.89471e-60 -5.84955e-61 9.14955e-62 -1.48991e-62 2.52502e-63 -4.45234e-64 8.16612e-65 -1.55754e-65 3.08864e-66 -6.36668e-67 1.36396e-67 -3.03649e-68 7.0239e-69 -1.68859e-69 4.23742e-70 -1.17453e-70 4.58243e-74 
314.204 -1.3222 1.01258 -0.165571 0.113661 -0.00191789 0.0176169 0.00180276 0.00215707 -0.000311926 4.76203e-05 -7.08524e-06 1.02483e-06 -1.4387e-07 1.95741e-08 -2.57781e-09 3.2824e-10 -4.03709e-11 4.79166e-12 -5.48375e-13 6.0465e-14 -6.41876e-15 6.55582e-16 -6.43814e-17 6.0758e-18 -5.50724e-19 4.79247e-20 -4.00242e-21 3.20712e-22 -2.46539e-23 1.81828e-24 -1.28697e-25 8.74741e-27 -5.71528e-28 3.59531e-29 -2.18266e-30 1.28298e-31 -7.33512e-33 4.10365e-34 -2.26403e-35 1.2436e-36 -6.87586e-38 3.87135e-39 -2.24431e-40 1.35201e-41 -8.51894e-43 5.63543e-44 -3.92005e-45 2.86794e-46 -2.20577e-47 1.78214e-48 -1.51138e-49 1.34434e-50 -1.25322e-51 1.22354e-52 -1.25023e-53 1.33618e-54 -1.49274e-55 1.7422e-56 -2.12311e-57 2.70017e-58 -3.58218e-59 4.95501e-60 -7.14336e-61 1.07288e-61 -1.67813e-62 2.73267e-63 -4.63118e-64 8.16612e-65 -1.49776e-65 2.85672e-66 -5.66493e-67 1.16772e-67 -2.50166e-68 5.56927e-69 -1.28827e-69 3.09708e-70 -7.77192e-71 2.15423e-71 -8.40471e-75 
231.91 1.06871 -0.249622 0.161294 -0.00623031 0.0222559 0.00173307 0.00256852 -0.000380215 5.94612e-05 -9.08269e-06 1.35139e-06 -1.95469e-07 2.74406e-08 -3.73342e-09 4.91671e-10 -6.2606e-11 7.70005e-12 -9.13926e-13 1.04593e-13 -1.15326e-14 1.22427e-15 -1.25041e-16 1.22796e-17 -1.15885e-18 1.05041e-19 -9.14079e-21 7.63392e-22 -6.11703e-23 4.7023e-24 -3.46805e-25 2.45468e-26 -1.66842e-27 1.09009e-28 -6.85742e-30 4.16304e-31 -2.44706e-32 1.39905e-33 -7.82699e-35 4.31824e-36 -2.37195e-37 1.31145e-38 -7.38392e-40 4.28063e-41 -2.57873e-42 1.62484e-43 -1.07486e-44 7.47681e-46 -5.4701e-47 4.20712e-48 -3.39913e-49 2.88269e-50 -2.5641e-51 2.39031e-52 -2.3337e-53 2.3846e-54 -2.54854e-55 2.84714e-56 -3.32293e-57 4.04946e-58 -5.15011e-59 6.83238e-60 -9.45082e-61 1.36247e-61 -2.04632e-62 3.20075e-63 -5.21208e-64 8.83317e-65 -1.55754e-65 2.85672e-66 -5.44869e-67 1.08049e-67 -2.22723e-68 4.77149e-69 -1.06224e-69 2.45714e-70 -5.90713e-71 1.48236e-71 -4.10883e-72 1.60305e-75 
164.799 -0.116435 0.243333 -0.0116643 0.0290961 0.00162674 0.00312508 -0.000471876 7.53687e-05 -1.17912e-05 1.80112e-06 -2.67983e-07 3.8762e-08 -5.44153e-09 7.40344e-10 -9.74995e-11 1.24149e-11 -1.52694e-12 1.81233e-13 -2.0741e-14 2.28695e-15 -2.42775e-16 2.47959e-17 -2.43508e-18 2.29803e-19 -2.08298e-20 1.81264e-21 -1.51382e-22 1.21302e-23 -9.32477e-25 6.87722e-26 -4.86768e-27 3.3085e-28 -2.16167e-29 1.35984e-30 -8.2554e-32 4.85258e-33 -2.77434e-34 1.55211e-35 -8.56317e-37 4.70363e-38 -2.60063e-39 1.46425e-40 -8.48857e-42 5.11367e-43 -3.22209e-44 2.13147e-45 -1.48267e-46 1.08473e-47 -8.3428e-49 6.74054e-50 -5.71643e-51 5.08467e-52 -4.74003e-53 4.62777e-54 -4.72872e-55 5.0538e-56 -5.64593e-57 6.58945e-58 -8.03017e-59 1.02128e-59 -1.35487e-60 1.87412e-61 -2.70181e-62 4.0579e-63 -6.34715e-64 1.03357e-64 -1.75164e-65 3.08864e-66 -5.66493e-67 1.08049e-67 -2.14263e-68 4.41664e-69 -9.46196e-70 2.10645e-70 -4.87257e-71 1.1714e-71 -2.93955e-72 8.14789e-73 -3.17889e-76 
111.423 0.282553 -0.0150023 0.0398833 0.0015241 0.00390555 -0.000598448 9.72445e-05 -1.55359e-05 2.43055e-06 -3.71268e-07 5.52398e-08 -7.99008e-09 1.12167e-09 -1.52609e-10 2.00978e-11 -2.55911e-12 3.1475e-13 -3.7358e-14 4.27538e-15 -4.71413e-16 5.00436e-17 -5.11122e-18 5.01947e-19 -4.73697e-20 4.2937e-21 -3.73643e-22 3.12047e-23 -2.50042e-24 1.92213e-25 -1.41761e-26 1.00338e-27 -6.81988e-29 4.4559e-30 -2.80306e-31 1.7017e-32 -1.00027e-33 5.7188e-35 -3.19939e-36 1.76514e-37 -9.69568e-39 5.36073e-40 -3.01828e-41 1.74977e-42 -1.05409e-43 6.64175e-45 -4.39364e-46 3.05625e-47 -2.23598e-48 1.71972e-49 -1.38944e-50 1.17834e-51 -1.04811e-52 9.77071e-54 -9.53932e-55 9.74739e-56 -1.04175e-56 1.16381e-57 -1.3583e-58 1.65527e-59 -2.10518e-60 2.79283e-61 -3.86315e-62 5.56929e-63 -8.36463e-64 1.30835e-64 -2.13051e-65 3.61068e-66 -6.36668e-67 1.16772e-67 -2.22723e-68 4.41664e-69 -9.10411e-70 1.95041e-70 -4.34206e-71 1.00439e-71 -2.41462e-72 6.05935e-73 -1.67954e-73 6.5527e-77 
70.3782 0.0289678 0.059193 0.00163149 0.00505319 -0.00077951 0.000128188 -2.08331e-05 3.32832e-06 -5.20707e-07 7.95382e-08 -1.18343e-08 1.71175e-09 -2.40301e-10 3.2694e-11 -4.30563e-12 5.48248e-13 -6.74303e-14 8.00336e-15 -9.15933e-16 1.00993e-16 -1.07211e-17 1.095e-18 -1.07534e-19 1.01482e-20 -9.19857e-22 8.00471e-23 -6.68512e-24 5.35676e-25 -4.11787e-26 3.03702e-27 -2.14959e-28 1.46105e-29 -9.54606e-31 6.00513e-32 -3.64563e-33 2.14292e-34 -1.22516e-35 6.8542e-37 -3.78154e-38 2.07715e-39 -1.14845e-40 6.46619e-42 -3.7486e-43 2.25822e-44 -1.42289e-45 9.41269e-47 -6.54753e-48 4.79023e-49 -3.68423e-50 2.97666e-51 -2.52441e-52 2.24542e-53 -2.09322e-54 2.04365e-55 -2.08823e-56 2.23179e-57 -2.49327e-58 2.90993e-59 -3.54617e-60 4.51002e-61 -5.9832e-62 8.2762e-63 -1.19313e-63 1.79199e-64 -2.80294e-65 4.56429e-66 -7.73532e-67 1.36396e-67 -2.50166e-68 4.77149e-69 -9.46196e-70 1.95041e-70 -4.17845e-71 9.30218e-72 -2.15175e-72 5.17295e-73 -1.29812e-73 3.59815e-74 -1.40381e-77 
40.2605 0.0728278 0.00295097 0.00685841 -0.00105073 0.000173521 -2.85376e-05 4.63792e-06 -7.40959e-07 1.15921e-07 -1.7707e-08 2.63457e-09 -3.81074e-10 5.34964e-11 -7.27843e-12 9.5853e-13 -1.22053e-13 1.50115e-14 -1.78173e-15 2.03907e-16 -2.24833e-17 2.38675e-18 -2.43771e-19 2.39396e-20 -2.25922e-21 2.04781e-22 -1.78203e-23 1.48826e-24 -1.19254e-25 9.1673e-27 -6.76109e-28 4.78548e-29 -3.25263e-30 2.12517e-31 -1.33688e-32 8.11599e-34 -4.77063e-35 2.72749e-36 -1.5259e-37 8.41857e-39 -4.6242e-40 2.55672e-41 -1.43952e-42 8.34523e-44 -5.02732e-45 3.16768e-46 -2.09548e-47 1.45763e-48 -1.06641e-49 8.20192e-51 -6.62672e-52 5.6199e-53 -4.9988e-54 4.65999e-55 -4.54962e-56 4.64886e-57 -4.96846e-58 5.55059e-59 -6.47817e-60 7.89457e-61 -1.00403e-61 1.332e-62 -1.84247e-63 2.65618e-64 -3.98938e-65 6.23997e-66 -1.01611e-66 1.72206e-67 -3.03649e-68 5.56927e-69 -1.06224e-69 2.10645e-70 -4.34206e-71 9.30218e-72 -2.07088e-72 4.79028e-73 -1.15162e-73 2.88991e-74 -8.0103e-75 3.12521e-78 
19.6484 0.0114976 0.0100277 -0.00148416 0.00024304 -4.01384e-05 6.60123e-06 -1.07283e-06 1.71396e-07 -2.68145e-08 4.09593e-09 -6.09421e-10 8.81488e-11 -1.23746e-11 1.68362e-12 -2.21724e-13 2.82328e-14 -3.47242e-15 4.12144e-16 -4.71672e-17 5.20076e-18 -5.52095e-19 5.63884e-20 -5.53762e-21 5.22596e-22 -4.73693e-23 4.12213e-24 -3.4426e-25 2.75853e-26 -2.12055e-27 1.56395e-28 -1.10696e-29 7.52389e-31 -4.91587e-32 3.09242e-33 -1.87736e-34 1.10353e-35 -6.30914e-37 3.52966e-38 -1.94736e-39 1.06965e-40 -5.91411e-42 3.32985e-43 -1.93039e-44 1.1629e-45 -7.32737e-47 4.84719e-48 -3.37174e-49 2.46679e-50 -1.89724e-51 1.53287e-52 -1.29998e-53 1.15631e-54 -1.07793e-55 1.0524e-56 -1.07536e-57 1.14929e-58 -1.28394e-59 1.49851e-60 -1.82615e-61 2.32249e-62 -3.08113e-63 4.26194e-64 -6.1442e-65 9.2281e-66 -1.44341e-66 2.35044e-67 -3.98341e-68 7.0239e-69 -1.28827e-69 2.45714e-70 -4.87257e-71 1.00439e-71 -2.15175e-72 4.79028e-73 -1.10807e-73 2.66388e-74 -6.68484e-75 1.85292e-75 -7.22912e-79 
7.10299 0.0105968 -0.00225321 0.000356795 -5.84284e-05 9.64953e-06 -1.58698e-06 2.57915e-07 -4.12048e-08 6.44639e-09 -9.84688e-10 1.46509e-10 -2.11916e-11 2.97494e-12 -4.04754e-13 5.3304e-14 -6.78735e-15 8.34792e-16 -9.90822e-17 1.13393e-17 -1.2503e-18 1.32727e-19 -1.35561e-20 1.33128e-21 -1.25636e-22 1.13879e-23 -9.90988e-25 8.27623e-26 -6.6317e-27 5.09795e-28 -3.75985e-29 2.66121e-30 -1.80879e-31 1.18181e-32 -7.43438e-34 4.51331e-35 -2.65295e-36 1.51676e-37 -8.48554e-39 4.68157e-40 -2.57152e-41 1.42179e-42 -8.00519e-44 4.64079e-45 -2.7957e-46 1.76155e-47 -1.1653e-48 8.10589e-50 -5.93034e-51 4.5611e-52 -3.68512e-53 3.12523e-54 -2.77984e-55 2.59142e-56 -2.53005e-57 2.58524e-58 -2.76297e-59 3.08669e-60 -3.60252e-61 4.39018e-62 -5.58343e-63 7.40724e-64 -1.0246e-64 1.47711e-65 -2.2185e-66 3.47005e-67 -5.65062e-68 9.57637e-69 -1.68859e-69 3.09708e-70 -5.90713e-71 1.1714e-71 -2.41462e-72 5.17295e-73 -1.15162e-73 2.66388e-74 -6.40415e-75 1.60708e-75 -4.45453e-76 1.73793e-79 
0.990197 -0.00246551 0.000565425 -8.95356e-05 1.46622e-05 -2.42149e-06 3.98243e-07 -6.47222e-08 1.03401e-08 -1.61768e-09 2.47101e-10 -3.67655e-11 5.31789e-12 -7.46542e-13 1.0157e-13 -1.33763e-14 1.70324e-15 -2.09486e-16 2.48641e-17 -2.84553e-18 3.13754e-19 -3.33071e-20 3.40183e-21 -3.34077e-22 3.15275e-23 -2.85772e-24 2.48682e-25 -2.07687e-26 1.66418e-27 -1.2793e-28 9.4351e-30 -6.67814e-31 4.53905e-32 -2.96567e-33 1.86561e-34 -1.13259e-35 6.65742e-37 -3.80621e-38 2.12939e-39 -1.17481e-40 6.45307e-42 -3.5679e-43 2.00885e-44 -1.16458e-45 7.01563e-47 -4.4205e-48 2.92424e-49 -2.03412e-50 1.48818e-51 -1.14458e-52 9.24759e-54 -7.84258e-55 6.97583e-56 -6.50301e-57 6.349e-58 -6.48749e-59 6.93349e-60 -7.74586e-61 9.04029e-62 -1.10169e-62 1.40113e-63 -1.8588e-64 2.57117e-65 -3.70671e-66 5.56718e-67 -8.70788e-68 1.41799e-68 -2.40313e-69 4.23742e-70 -7.77192e-71 1.48236e-71 -2.93955e-72 6.05935e-73 -1.29812e-73 2.88991e-74 -6.68484e-75 1.60708e-75 -4.03287e-76 1.11784e-76 -4.36123e-80 
-0.237614 0.000683154 -0.000156725 2.48176e-05 -4.0641e-06 6.71193e-07 -1.10386e-07 1.79398e-08 -2.86608e-09 4.48392e-10 -6.8492e-11 1.01907e-11 -1.47402e-12 2.06928e-13 -2.81535e-14 3.70766e-15 -4.72108e-16 5.80656e-17 -6.89186e-18 7.88729e-19 -8.69669e-20 9.23212e-21 -9.42925e-22 9.25999e-23 -8.73884e-24 7.92107e-25 -6.89302e-26 5.7567e-27 -4.61281e-28 3.54598e-29 -2.61524e-30 1.85106e-31 -1.25814e-32 8.2203e-34 -5.17114e-35 3.13932e-36 -1.84532e-37 1.05501e-38 -5.90229e-40 3.25636e-41 -1.78867e-42 9.88956e-44 -5.56817e-45 3.22799e-46 -1.9446e-47 1.22528e-48 -8.10546e-50 5.63821e-51 -4.12497e-52 3.17256e-53 -2.56326e-54 2.17382e-55 -1.93357e-56 1.80252e-57 -1.75983e-58 1.79821e-59 -1.92184e-60 2.14701e-61 -2.5058e-62 3.05368e-63 -3.88367e-64 5.15225e-65 -7.12681e-66 1.02743e-66 -1.54312e-67 2.41367e-68 -3.9304e-69 6.66104e-70 -1.17453e-70 2.15423e-71 -4.10883e-72 8.14789e-73 -1.67954e-73 3.59815e-74 -8.0103e-75 1.85292e-75 -4.45453e-76 1.11784e-76 -3.09844e-77 1.20885e-80 
9.27001e-05 -2.66531e-07 6.11462e-08 -9.68256e-09 1.5856e-09 -2.61865e-10 4.30668e-11 -6.99919e-12 1.1182e-12 -1.74939e-13 2.6722e-14 -3.97589e-15 5.75087e-16 -8.07326e-17 1.0984e-17 -1.44654e-18 1.84192e-19 -2.26542e-20 2.68885e-21 -3.07721e-22 3.393e-23 -3.6019e-24 3.67881e-25 -3.61277e-26 3.40944e-27 -3.0904e-28 2.6893e-29 -2.24597e-30 1.79968e-31 -1.38346e-32 1.02033e-33 -7.22188e-35 4.90862e-36 -3.20714e-37 2.01751e-38 -1.2248e-39 7.19947e-41 -4.11611e-42 2.30277e-43 -1.27046e-44 6.97848e-46 -3.8584e-47 2.17241e-48 -1.2594e-49 7.58684e-51 -4.78041e-52 3.16233e-53 -2.19974e-54 1.60935e-55 -1.23777e-56 1.00005e-57 -8.48112e-59 7.5438e-60 -7.03249e-61 6.86594e-62 -7.0157e-63 7.49801e-64 -8.37652e-65 9.77635e-66 -1.19139e-66 1.51521e-67 -2.01014e-68 2.78051e-69 -4.00851e-70 6.02046e-71 -9.41688e-72 1.53344e-72 -2.59879e-73 4.58243e-74 -8.40471e-75 1.60305e-75 -3.17889e-76 6.5527e-77 -1.40381e-77 3.12521e-78 -7.22912e-79 1.73793e-79 -4.36123e-80 1.20885e-80 -4.71632e-84 
