x_degree: 3
y_degree: 3
num_x_ctrl_points: 80
num_y_ctrl_points: 80
x_knots: 0 0 0 0 0.0128205 0.025641 0.0384615 0.0512821 0.0641026 0.0769231 0.0897436 0.102564 0.115385 0.128205 0.141026 0.153846 0.166667 0.179487 0.192308 0.205128 0.217949 0.230769 0.24359 0.25641 0.269231 0.282051 0.294872 0.307692 0.320513 0.333333 0.346154 0.358974 0.371795 0.384615 0.397436 0.410256 0.423077 0.435897 0.448718 0.461538 0.474359 0.487179 0.5 0.512821 0.525641 0.538462 0.551282 0.564103 0.576923 0.589744 0.602564 0.615385 0.628205 0.641026 0.653846 0.666667 0.679487 0.692308 0.705128 0.717949 0.730769 0.74359 0.75641 0.769231 0.782051 0.794872 0.807692 0.820513 0.833333 0.846154 0.858974 0.871795 0.884615 0.897436 0.910256 0.923077 0.935897 0.948718 0.961538 0.974359 0.987179 1 1 1 
y_knots: 0 0 0 0 0.0128205 0.025641 0.0384615 0.0512821 0.0641026 0.0769231 0.0897436 0.102564 0.115385 0.128205 0.141026 0.153846 0.166667 0.179487 0.192308 0.205128 0.217949 0.230769 0.24359 0.25641 0.269231 0.282051 0.294872 0.307692 0.320513 0.333333 0.346154 0.358974 0.371795 0.384615 0.397436 0.410256 0.423077 0.435897 0.448718 0.461538 0.474359 0.487179 0.5 0.512821 0.525641 0.538462 0.551282 0.564103 0.576923 0.589744 0.602564 0.615385 0.628205 0.641026 0.653846 0.666667 0.679487 0.692308 0.705128 0.717949 0.730769 0.74359 0.75641 0.769231 0.782051 0.794872 0.807692 0.820513 0.833333 0.846154 0.858974 0.871795 0.884615 0.897436 0.910256 0.923077 0.935897 0.948718 0.961538 0.974359 0.987179 1 1 1 
coefficients: 
5.20913e+13 -2.2238e+16 1.07936e+16 -3.1224e+15 9.38018e+14 -2.92576e+14 9.47242e+13 -3.18238e+13 1.10912e+13 -4.00865e+12 1.502e+12 -5.8324e+11 2.34632e+11 -9.77563e+10 4.21677e+10 -1.88259e+10 8.69634e+09 -4.15524e+09 2.05309e+09 -1.04871e+09 5.5363e+08 -3.01993e+08 1.70169e+08 -9.9031e+07 5.95076e+07 -3.69135e+07 2.36321e+07 -1.56094e+07 1.06329e+07 -7.46496e+06 5.39629e+06 -4.01089e+06 3.05916e+06 -2.38799e+06 1.90157e+06 -1.53878e+06 1.2601e+06 -1.03968e+06 860565 -711646 585732 -478195 386091 -307481 241008 -185563 140122 -103624 74964.9 -52994.7 36579.8 -24632.3 16173.5 -10346.4 6447.32 -3909.98 2308.32 -1324.75 740.059 -401.242 212.022 -108.343 54.245 -25.9807 12.4348 -5.47597 2.59985 -0.971038 0.532879 -0.109916 0.132272 0.0217548 0.0499961 0.0269982 0.0242773 0.0155722 0.0103362 0.00525369 0.00181819 -7.09764e-07 
-2.2238e+16 9.49408e+18 -4.60813e+18 1.33305e+18 -4.00469e+17 1.2491e+17 -4.04407e+16 1.35866e+16 -4.73517e+15 1.71142e+15 -6.4125e+14 2.49004e+14 -1.00172e+14 4.17352e+13 -1.80027e+13 8.03735e+12 -3.71274e+12 1.774e+12 -8.76528e+11 4.47726e+11 -2.36362e+11 1.2893e+11 -7.26504e+10 4.22794e+10 -2.54057e+10 1.57595e+10 -1.00893e+10 6.66413e+09 -4.53953e+09 3.18703e+09 -2.30384e+09 1.71237e+09 -1.30605e+09 1.01951e+09 -8.11838e+08 6.56953e+08 -5.37976e+08 4.43873e+08 -3.67402e+08 3.03824e+08 -2.50067e+08 2.04157e+08 -1.64834e+08 1.31274e+08 -1.02894e+08 7.9223e+07 -5.98222e+07 4.42406e+07 -3.20046e+07 2.26254e+07 -1.56168e+07 1.05165e+07 -6.90475e+06 4.41741e+06 -2.75238e+06 1.66946e+06 -985346 565713 -315831 171414 -90418.6 46345.3 -23078.2 11163.8 -5245.15 2393.89 -1060.99 457.01 -191.084 77.8018 -30.6777 11.8692 -4.39194 1.64516 -0.555763 0.214866 -0.0602356 0.0271382 -0.00752223 2.93479e-06 
1.07936e+16 -4.60813e+18 2.23664e+18 -6.47021e+17 1.94375e+17 -6.06274e+16 1.96287e+16 -6.59449e+15 2.2983e+15 -8.30668e+14 3.11243e+14 -1.20858e+14 4.86202e+13 -2.0257e+13 8.73795e+12 -3.90108e+12 1.80205e+12 -8.61044e+11 4.25439e+11 -2.17312e+11 1.14723e+11 -6.25786e+10 3.52622e+10 -2.05211e+10 1.23311e+10 -7.64919e+09 4.89701e+09 -3.23456e+09 2.20334e+09 -1.54688e+09 1.11821e+09 -8.31132e+08 6.33915e+08 -4.94837e+08 3.94041e+08 -3.18865e+08 2.61117e+08 -2.15442e+08 1.78325e+08 -1.47467e+08 1.21375e+08 -9.90913e+07 8.00052e+07 -6.37161e+07 4.99413e+07 -3.84524e+07 2.90358e+07 -2.1473e+07 1.5534e+07 -1.09816e+07 7.5799e+06 -5.10438e+06 3.35135e+06 -2.14407e+06 1.33592e+06 -810301 478257 -274579 153295 -83198.6 43886.7 -22494.3 11201.7 -5418.34 2546.03 -1161.74 515.123 -221.686 92.8586 -37.6684 14.9676 -5.69848 2.18059 -0.761751 0.295853 -0.0873488 0.0385379 -0.0096711 0.00268065 -1.04585e-06 
-3.1224e+15 1.33305e+18 -6.47021e+17 1.87172e+17 -5.62294e+16 1.75385e+16 -5.67823e+15 1.90767e+15 -6.64859e+14 2.40298e+14 -9.00372e+13 3.49623e+13 -1.4065e+13 5.85999e+12 -2.52774e+12 1.12851e+12 -5.21301e+11 2.49085e+11 -1.23072e+11 6.28646e+10 -3.31873e+10 1.81029e+10 -1.02008e+10 5.9364e+09 -3.56718e+09 2.21278e+09 -1.41662e+09 9.35703e+08 -6.3739e+08 4.47487e+08 -3.2348e+08 2.40432e+08 -1.83381e+08 1.43148e+08 -1.13989e+08 9.2242e+07 -7.55366e+07 6.23236e+07 -5.15864e+07 4.26596e+07 -3.51116e+07 2.86654e+07 -2.31441e+07 1.8432e+07 -1.44472e+07 1.11236e+07 -8.39957e+06 6.21176e+06 -4.49372e+06 3.1768e+06 -2.19273e+06 1.47661e+06 -969486 620243 -386459 234406 -138351 79431.2 -44345.3 24068.2 -12695.4 6507.43 -3240.26 1567.61 -736.368 336.207 -148.9 64.2289 -26.7794 10.9652 -4.2748 1.69155 -0.598403 0.243381 -0.0706363 0.033494 -0.008053 0.00202085 -0.000560142 2.18539e-07 
9.38018e+14 -4.00469e+17 1.94375e+17 -5.62294e+16 1.68922e+16 -5.26882e+15 1.70583e+15 -5.73095e+14 1.99734e+14 -7.21892e+13 2.70486e+13 -1.05032e+13 4.22534e+12 -1.76043e+12 7.59372e+11 -3.39023e+11 1.56607e+11 -7.48291e+10 3.69728e+10 -1.88855e+10 9.96998e+09 -5.4384e+09 3.06446e+09 -1.78339e+09 1.07164e+09 -6.64753e+08 4.25575e+08 -2.811e+08 1.91482e+08 -1.34432e+08 9.71783e+07 -7.22296e+07 5.50904e+07 -4.30038e+07 3.42441e+07 -2.77109e+07 2.26924e+07 -1.8723e+07 1.54974e+07 -1.28156e+07 1.05481e+07 -8.61153e+06 6.95286e+06 -5.53725e+06 4.34015e+06 -3.3417e+06 2.52336e+06 -1.86611e+06 1.34998e+06 -954359 658732 -443596 291249 -186330 116099 -70418.9 41563.1 -23862 13322.3 -7230.2 3814.13 -1954.73 973.605 -470.774 221.355 -100.883 44.8332 -19.2104 8.11494 -3.23771 1.32835 -0.474967 0.203364 -0.0577812 0.0296699 -0.00686499 0.00165039 -0.000414155 0.000114796 -4.47875e-08 
-2.92576e+14 1.2491e+17 -6.06274e+16 1.75385e+16 -5.26882e+15 1.64339e+15 -5.32063e+14 1.78753e+14 -6.22988e+13 2.25165e+13 -8.43669e+12 3.27605e+12 -1.31792e+12 5.49095e+11 -2.36855e+11 1.05744e+11 -4.88471e+10 2.33399e+10 -1.15322e+10 5.89056e+09 -3.10973e+09 1.69628e+09 -9.55834e+08 5.56254e+08 -3.34253e+08 2.07342e+08 -1.32741e+08 8.76775e+07 -5.97249e+07 4.19305e+07 -3.03108e+07 2.25291e+07 -1.71832e+07 1.34133e+07 -1.0681e+07 8.64329e+06 -7.07795e+06 5.83986e+06 -4.83376e+06 3.99731e+06 -3.29004e+06 2.68602e+06 -2.16866e+06 1.72712e+06 -1.35373e+06 1.04231e+06 -787058 582057 -421071 297674 -205464 138362 -90842.8 58118.5 -36211.8 21964.7 -12963.6 7443.09 -4155.08 2255.4 -1189.45 609.884 -303.512 146.981 -68.9203 31.5701 -13.8968 6.06361 -2.47334 1.0551 -0.380291 0.17234 -0.0476946 0.0267053 -0.00594866 0.00137602 -0.000330805 8.30136e-05 -2.30098e-05 8.97725e-09 
9.47242e+13 -4.04407e+16 1.96287e+16 -5.67823e+15 1.70583e+15 -5.32063e+14 1.7226e+14 -5.7873e+13 2.01698e+13 -7.28991e+12 2.73145e+12 -1.06065e+12 4.26689e+11 -1.77774e+11 7.66839e+10 -3.42357e+10 1.58147e+10 -7.55649e+09 3.73364e+09 -1.90712e+09 1.0068e+09 -5.49187e+08 3.0946e+08 -1.80092e+08 1.08217e+08 -6.71289e+07 4.2976e+07 -2.83864e+07 1.93365e+07 -1.35754e+07 9.81339e+06 -7.29398e+06 5.56321e+06 -4.34267e+06 3.45809e+06 -2.79834e+06 2.29155e+06 -1.89071e+06 1.56498e+06 -1.29416e+06 1.06518e+06 -869621 702124 -559169 438283 -337456 254818 -188445 136326 -96373.9 66521.3 -44795.5 29411.6 -18816 11724.3 -7110.91 4197.38 -2409.49 1345.49 -729.989 385.287 -197.287 98.4107 -47.4611 22.4201 -10.1318 4.57273 -1.90392 0.847133 -0.306699 0.147941 -0.0396407 0.0243673 -0.00522598 0.00116342 -0.000269119 6.46981e-05 -1.62356e-05 4.5002e-06 -1.75575e-09 
-3.18238e+13 1.35866e+16 -6.59449e+15 1.90767e+15 -5.73095e+14 1.78753e+14 -5.7873e+13 1.94432e+13 -6.7763e+12 2.44914e+12 -9.17666e+11 3.56338e+11 -1.43351e+11 5.97255e+10 -2.57629e+10 1.15019e+10 -5.31314e+09 2.5387e+09 -1.25436e+09 6.40721e+08 -3.38247e+08 1.84506e+08 -1.03967e+08 6.05043e+07 -3.6357e+07 2.25528e+07 -1.44383e+07 9.53676e+06 -6.49632e+06 4.56082e+06 -3.29693e+06 2.45051e+06 -1.86903e+06 1.45898e+06 -1.16178e+06 940139 -769873 635208 -525772 434791 -357859 292161 -235886 187861 -147246 113373 -85608.5 63311.3 -45799.9 32378.6 -22348.1 15050.1 -9880.77 6321.85 -3938.56 2389.32 -1409.88 809.75 -451.81 245.446 -129.27 66.4307 -32.9338 16.0544 -7.44078 3.4793 -1.47552 0.687199 -0.248804 0.128508 -0.0331088 0.0224964 -0.00464582 0.000995297 -0.000221576 5.12542e-05 -1.23218e-05 3.09209e-06 -8.57071e-07 3.34385e-10 
1.10912e+13 -4.73517e+15 2.2983e+15 -6.64859e+14 1.99734e+14 -6.22988e+13 2.01698e+13 -6.7763e+12 2.36166e+12 -8.53569e+11 3.19823e+11 -1.2419e+11 4.99606e+10 -2.08154e+10 8.97884e+09 -4.00863e+09 1.85173e+09 -8.84782e+08 4.37168e+08 -2.23303e+08 1.17885e+08 -6.43038e+07 3.62344e+07 -2.10868e+07 1.26711e+07 -7.86006e+06 5.03202e+06 -3.32373e+06 2.26409e+06 -1.58953e+06 1.14904e+06 -854044 651393 -508478 404905 -327654 268317 -221380 183242 -151531 124722 -101822 82211.6 -65472 51318.7 -39511.9 29836.8 -22064.5 15962.7 -11284 7789.23 -5244.78 3444.03 -2202.92 1372.99 -832.43 491.628 -281.983 157.666 -85.3656 45.2062 -23.0205 11.5901 -5.50135 2.67058 -1.15029 0.563039 -0.20276 0.11286 -0.027737 0.0209809 -0.00417282 0.000860158 -0.000184275 4.10239e-05 -9.48951e-06 2.28134e-06 -5.72488e-07 1.58683e-07 -6.191e-11 
-4.00865e+12 1.71142e+15 -8.30668e+14 2.40298e+14 -7.21892e+13 2.25165e+13 -7.28991e+12 2.44914e+12 -8.53569e+11 3.08503e+11 -1.15593e+11 4.48858e+10 -1.80571e+10 7.52325e+09 -3.2452e+09 1.44883e+09 -6.69264e+08 3.19784e+08 -1.58004e+08 8.07077e+07 -4.2607e+07 2.32411e+07 -1.30961e+07 7.62136e+06 -4.57966e+06 2.84084e+06 -1.8187e+06 1.20129e+06 -818300 574501 -415292 308677 -235429 183780 -146342 118425 -96975.2 80014.2 -66227.4 54768.8 -45076.6 36802.4 -29712.5 23664.2 -18547.2 14281.4 -10783.2 7975.31 -5768.79 4078.84 -2814.78 1896.02 -1244.39 796.528 -495.935 301.128 -177.452 102.124 -56.8033 31.0109 -16.2034 8.43521 -4.0926 2.0677 -0.901264 0.465826 -0.165775 0.100137 -0.0232635 0.0197409 -0.00378192 0.000749977 -0.000154594 3.31194e-05 -7.37312e-06 1.70553e-06 -4.1002e-07 1.02892e-07 -2.85198e-08 1.11269e-11 
1.502e+12 -6.4125e+14 3.11243e+14 -9.00372e+13 2.70486e+13 -8.43669e+12 2.73145e+12 -9.17666e+11 3.19823e+11 -1.15593e+11 4.33114e+10 -1.68182e+10 6.76581e+09 -2.81889e+09 1.21594e+09 -5.4286e+08 2.50766e+08 -1.1982e+08 5.92026e+07 -3.02403e+07 1.59644e+07 -8.70821e+06 4.90697e+06 -2.85564e+06 1.71596e+06 -1.06443e+06 681453 -450107 306612 -215257 155608 -115656 88214.9 -68858.3 54834.6 -44370.8 36337.1 -29979.1 24816 -20520.1 16890.8 -13788.5 11133.9 -8865.91 6950.19 -5350.4 4040.97 -2987.69 2162.02 -1527.83 1055.09 -710.036 466.605 -298.144 186.095 -112.588 66.7026 -38.0784 21.4453 -11.4805 6.18932 -3.06165 1.61494 -0.709079 0.389121 -0.135796 0.0897047 -0.0194957 0.0187181 -0.00345503 0.000659009 -0.000130683 2.69379e-05 -5.77103e-06 1.28476e-06 -2.97187e-07 7.14457e-08 -1.79289e-08 4.96955e-09 -1.93886e-12 
-5.8324e+11 2.49004e+14 -1.20858e+14 3.49623e+13 -1.05032e+13 3.27605e+12 -1.06065e+12 3.56338e+11 -1.2419e+11 4.48858e+10 -1.68182e+10 6.53068e+09 -2.62723e+09 1.0946e+09 -4.72162e+08 2.10798e+08 -9.7375e+07 4.65272e+07 -2.29889e+07 1.17426e+07 -6.19912e+06 3.38149e+06 -1.90542e+06 1.10888e+06 -666318 413332 -264611 174784 -119057 83588.9 -60421.7 44912.4 -34252.6 26740.2 -21291.1 17231.2 -14108.6 11642.5 -9635.07 7969.27 -6557.85 5355.13 -4322.54 3443.5 -2698.11 2078.26 -1568.56 1160.68 -839.051 593.708 -409.309 276.067 -180.871 116.053 -72.0137 43.9379 -25.7097 14.9523 -8.18467 4.57927 -2.30175 1.27256 -0.559646 0.328171 -0.11129 0.0810889 -0.0162895 0.017869 -0.0031788 0.000583069 -0.00011121 2.20532e-05 -4.54587e-06 9.73882e-07 -2.16808e-07 5.01514e-08 -1.20567e-08 3.02556e-09 -8.38629e-10 3.2719e-13 
2.34632e+11 -1.00172e+14 4.86202e+13 -1.4065e+13 4.22534e+12 -1.31792e+12 4.26689e+11 -1.43351e+11 4.99606e+10 -1.80571e+10 6.76581e+09 -2.62723e+09 1.05691e+09 -4.40347e+08 1.89946e+08 -8.48018e+07 3.9173e+07 -1.87174e+07 9.24822e+06 -4.72393e+06 2.49385e+06 -1.36033e+06 766535 -446086 268057 -166276 106454 -70310.9 47898.4 -33624.4 24309.4 -18065.7 13781.4 -10755.5 8566.82 -6930.44 5677.13 -4682.4 3877.25 -3204.9 2639.12 -2153.44 1739.72 -1384.55 1086.09 -835.456 631.566 -466.434 337.992 -238.438 165.024 -110.734 73.0517 -46.4312 29.1956 -17.4789 10.5135 -5.86846 3.41724 -1.73777 1.01197 -0.442628 0.279431 -0.0910985 0.0739289 -0.0135354 0.0171611 -0.00294327 0.000519048 -9.51996e-05 1.81577e-05 -3.6007e-06 7.4222e-07 -1.59009e-07 3.5399e-08 -8.18838e-09 1.96854e-09 -4.93993e-10 1.36926e-10 -5.34214e-14 
-9.7756e+10 4.17352e+13 -2.0257e+13 5.85999e+12 -1.76043e+12 5.49095e+11 -1.77774e+11 5.97255e+10 -2.08154e+10 7.52325e+09 -2.81889e+09 1.0946e+09 -4.40347e+08 1.83465e+08 -7.91385e+07 3.53316e+07 -1.63209e+07 7.79837e+06 -3.85314e+06 1.96817e+06 -1.03902e+06 566770 -319362 185860 -111679 69280.1 -44349.4 29297 -19953.6 14011.6 -10126 7528.87 -5740 4482.85 -3567.7 2888.9 -2364 1952.05 -1614.31 1336.28 -1098.65 898.031 -724.075 577.544 -451.88 348.649 -262.62 194.797 -140.403 99.716 -68.4211 46.4333 -30.1729 19.5766 -11.9615 7.45794 -4.22948 2.57315 -1.3164 0.812429 -0.350372 0.240231 -0.0743397 0.0679475 -0.0111493 0.0165695 -0.00274086 0.000464607 -8.19239e-05 1.50258e-05 -2.86591e-06 5.68316e-07 -1.17148e-07 2.50971e-08 -5.58719e-09 1.29241e-09 -3.10704e-10 7.79693e-11 -2.16116e-11 8.43175e-15 
4.2168e+10 -1.80027e+13 8.73795e+12 -2.52774e+12 7.59372e+11 -2.36855e+11 7.66839e+10 -2.57629e+10 8.97884e+09 -3.2452e+09 1.21594e+09 -4.72161e+08 1.89946e+08 -7.91385e+07 3.41368e+07 -1.52405e+07 7.04012e+06 -3.36386e+06 1.66208e+06 -848975 448194 -244474 137763 -80167.6 48176.8 -29881 19133.4 -12634.7 8609.61 -6041.67 4370 -3245.69 2477.74 -1932.09 1540.42 -1244.79 1020.96 -840.901 697.373 -575.47 474.764 -386.59 313.044 -248.481 195.506 -149.863 113.76 -83.5971 60.9487 -42.669 29.8198 -19.7584 13.2536 -8.23614 5.34029 -3.06186 1.95619 -0.99954 0.658758 -0.277165 0.208542 -0.0603325 0.0629296 -0.00906537 0.0160749 -0.00256576 0.000417955 -7.08332e-05 1.249e-05 -2.2908e-06 4.36931e-07 -8.66443e-08 1.78602e-08 -3.82626e-09 8.51812e-10 -1.97038e-10 4.73693e-11 -1.1887e-11 3.29487e-12 -1.28549e-15 
-1.88256e+10 8.03735e+12 -3.90108e+12 1.12851e+12 -3.39023e+11 1.05744e+11 -3.42357e+10 1.15019e+10 -4.00863e+09 1.44883e+09 -5.4286e+08 2.10798e+08 -8.48018e+07 3.53316e+07 -1.52405e+07 6.80415e+06 -3.14307e+06 1.50181e+06 -742034 379033 -200092 109151 -61500.4 35794.9 -21505.2 13343.6 -8539.25 5643.41 -3841.38 2699.51 -1948.99 1450.88 -1104.52 864.116 -686.327 557.019 -454.642 376.488 -310.372 257.806 -211.153 173.327 -139.093 111.539 -86.7384 67.3987 -50.3457 37.719 -26.8562 19.3649 -13.0342 9.06656 -5.70265 3.86295 -2.22451 1.50258 -0.759755 0.539791 -0.218706 0.18281 -0.048547 0.0587063 -0.00723197 0.0156623 -0.00241342 0.000377707 -6.15062e-05 1.04238e-05 -1.83801e-06 3.37113e-07 -6.42984e-08 1.27505e-08 -2.62829e-09 5.63069e-10 -1.25352e-10 2.8996e-11 -6.97083e-12 1.74929e-12 -4.8487e-13 1.89171e-16 
8.69656e+09 -3.71274e+12 1.80205e+12 -5.21301e+11 1.56607e+11 -4.88471e+10 1.58147e+10 -5.31314e+09 1.85173e+09 -6.69264e+08 2.50766e+08 -9.7375e+07 3.9173e+07 -1.63209e+07 7.04012e+06 -3.14307e+06 1.4519e+06 -693734 342778 -175083 92434.7 -50416.2 28413.3 -16531.3 9937.34 -6160.88 3947.34 -2604.39 1776.75 -1244.92 902.213 -668.474 511.805 -397.716 318.363 -256.098 211.118 -172.907 144.288 -118.256 98.297 -79.3783 64.8752 -50.9605 40.5754 -30.6773 23.6657 -17.0584 12.7307 -8.65797 6.27374 -3.96733 2.82569 -1.62004 1.16717 -0.577169 0.447243 -0.171739 0.161832 -0.0385675 0.0551439 -0.00560785 0.0153197 -0.00228025 0.000342776 -5.36162e-05 8.73083e-06 -1.47966e-06 2.60906e-07 -4.78533e-08 9.12718e-09 -1.80994e-09 3.73086e-10 -7.99279e-11 1.77938e-11 -4.11599e-12 9.89512e-13 -2.48312e-13 6.88275e-14 -2.68529e-17 
-4.15504e+09 1.774e+12 -8.61044e+11 2.49085e+11 -7.48291e+10 2.33399e+10 -7.55649e+09 2.5387e+09 -8.84782e+08 3.19784e+08 -1.1982e+08 4.65272e+07 -1.87174e+07 7.79837e+06 -3.36386e+06 1.50181e+06 -693733 331482 -163778 83662.5 -44161.9 24093.9 -13572.4 7902.37 -4745.03 2946.63 -1883.48 1246.8 -846.786 596.82 -429.283 321.056 -243.043 191.408 -150.865 123.51 -99.8337 83.5661 -68.0802 57.2881 -46.2568 38.5718 -30.4167 24.8739 -18.9163 15.0802 -10.931 8.48567 -5.78668 4.39739 -2.77013 2.09286 -1.18083 0.917846 -0.437279 0.37493 -0.133777 0.144676 -0.0300651 0.0521357 -0.00415987 0.0150377 -0.00216343 0.0003123 -4.69067e-05 7.3369e-06 -1.19474e-06 2.02478e-07 -3.57027e-08 6.5483e-09 -1.24897e-09 2.47674e-10 -5.10535e-11 1.09374e-11 -2.43492e-12 5.63237e-13 -1.35406e-13 3.39793e-14 -9.41843e-15 3.67459e-18 
2.05327e+09 -8.76528e+11 4.25439e+11 -1.23072e+11 3.69728e+10 -1.15322e+10 3.73364e+09 -1.25436e+09 4.37168e+08 -1.58004e+08 5.92026e+07 -2.29889e+07 9.24823e+06 -3.85314e+06 1.66208e+06 -742033 342779 -163778 80928 -41332.4 21824.8 -11900.6 6709.76 -3901.21 2347.52 -1453.18 933.11 -613.772 420.459 -293.005 213.823 -157.068 121.513 -93.2736 75.7272 -59.9465 50.31 -40.3966 34.4492 -27.5706 23.5208 -18.4572 15.5703 -11.8036 9.78225 -7.06224 5.74648 -3.88724 3.12778 -1.93816 1.57198 -0.859574 0.731578 -0.329442 0.318206 -0.102911 0.13061 -0.0227779 0.0495958 -0.00286116 0.0148087 -0.00206065 0.000285591 -4.11747e-05 6.18413e-06 -9.67288e-07 1.57513e-07 -2.66944e-08 4.70701e-09 -8.6332e-10 1.64663e-10 -3.26531e-11 6.73084e-12 -1.44198e-12 3.21017e-13 -7.42565e-14 1.78518e-14 -4.47979e-15 1.24171e-15 -4.84453e-19 
-1.04854e+09 4.47726e+11 -2.17312e+11 6.28646e+10 -1.88855e+10 5.89056e+09 -1.90712e+09 6.40721e+08 -2.23303e+08 8.07077e+07 -3.02403e+07 1.17426e+07 -4.72393e+06 1.96817e+06 -848974 379034 -175083 83662.9 -41332.2 21117.1 -11143.7 6082.64 -3423.81 1995.88 -1196.23 744.882 -474.26 315.665 -212.807 151.452 -107.592 81.7125 -60.7173 48.8739 -37.5613 31.6387 -24.7727 21.4741 -16.8355 14.7713 -11.3929 9.9875 -7.45054 6.47926 -4.59524 3.96398 -2.62002 2.26267 -1.3557 1.19961 -0.623038 0.591778 -0.245801 0.273562 -0.0776645 0.119059 -0.0164957 0.0474549 -0.00168974 0.0146267 -0.00197009 0.000262092 -3.62578e-05 5.22711e-06 -7.8507e-07 1.22796e-07 -1.99961e-08 3.38884e-09 -5.97551e-10 1.09598e-10 -2.09039e-11 4.14528e-12 -8.54475e-13 1.83058e-13 -4.07528e-14 9.42681e-15 -2.26627e-15 5.68706e-16 -1.57635e-16 6.1501e-20 
5.53784e+08 -2.36362e+11 1.14723e+11 -3.31873e+10 9.96998e+09 -3.10973e+09 1.0068e+09 -3.38248e+08 1.17886e+08 -4.2607e+07 1.59644e+07 -6.19912e+06 2.49385e+06 -1.03902e+06 448196 -200091 92435.5 -44161.4 21825 -11143.6 5887.02 -3207.46 1810.81 -1050.65 634.24 -390.759 252.621 -164.598 114.207 -78.2589 58.3428 -41.7329 33.3318 -24.6389 20.8858 -15.7433 13.9481 -10.5485 9.60031 -7.15504 6.59332 -4.75289 4.39838 -3.00574 2.79423 -1.76716 1.66917 -0.944821 0.931961 -0.447695 0.486421 -0.18052 0.238332 -0.0568926 0.109567 -0.0110489 0.0456564 -0.000627527 0.0144866 -0.00189023 0.000241351 -3.20251e-05 4.42988e-06 -6.38631e-07 9.59173e-08 -1.50029e-08 2.44306e-09 -4.14037e-10 7.30068e-11 -1.33903e-11 2.55396e-12 -5.06457e-13 1.04397e-13 -2.23654e-14 4.97904e-15 -1.15174e-15 2.76885e-16 -6.94826e-17 1.92593e-17 -7.51398e-21 
-3.01851e+08 1.2893e+11 -6.25787e+10 1.81029e+10 -5.4384e+09 1.69629e+09 -5.49188e+08 1.84507e+08 -6.43039e+07 2.32412e+07 -8.70821e+06 3.38149e+06 -1.36033e+06 566773 -244473 109152 -50415.5 24094.4 -11900.3 6082.87 -3207.36 1753.09 -984.596 575.969 -343.368 215.506 -135.66 91.7287 -60.5297 44.2959 -30.3629 24.0934 -16.9738 14.537 -10.3972 9.48996 -6.79156 6.49208 -4.57102 4.50197 -3.05889 3.07357 -1.97046 2.02019 -1.18792 1.25935 -0.652688 0.738626 -0.316803 0.406745 -0.129243 0.21048 -0.0396992 0.10177 -0.00629977 0.0441544 0.000340472 0.0143845 -0.00181986 0.000222997 -2.83701e-05 3.76377e-06 -5.20621e-07 7.50549e-08 -1.12727e-08 1.76321e-09 -2.8712e-10 4.86596e-11 -8.5801e-12 1.57369e-12 -3.00154e-13 5.95212e-14 -1.22692e-14 2.62849e-15 -5.85161e-16 1.35357e-16 -3.25408e-17 8.16592e-18 -2.26344e-18 8.83079e-22 
1.70302e+08 -7.26506e+10 3.52623e+10 -1.02008e+10 3.06447e+09 -9.55837e+08 3.09461e+08 -1.03967e+08 3.62345e+07 -1.30961e+07 4.90699e+06 -1.90542e+06 766540 -319361 137765 -61499.4 28414.2 -13571.8 6710.23 -3423.52 1811 -984.517 557.817 -321.828 195.952 -119.196 78.4747 -49.8427 35.7842 -23.4371 18.4927 -12.32 10.7048 -7.1575 6.79528 -4.50021 4.5922 -2.96839 3.19614 -1.98026 2.22135 -1.28841 1.5039 -0.790753 0.974644 -0.443276 0.598367 -0.218385 0.34633 -0.0886999 0.188445 -0.0253813 0.0953798 -0.00213613 0.0429108 0.00122674 0.0143171 -0.00175796 0.000206724 -2.52057e-05 3.20576e-06 -4.25292e-07 5.88282e-08 -8.48092e-09 1.27377e-09 -1.99236e-10 3.24435e-11 -5.49835e-12 9.69519e-13 -1.77821e-13 3.39163e-14 -6.72567e-15 1.38638e-15 -2.97009e-16 6.61209e-17 -1.52949e-17 3.67699e-18 -9.22718e-19 2.55761e-19 -9.97846e-23 
-9.8909e+07 4.22798e+10 -2.05213e+10 5.93646e+09 -1.7834e+09 5.5626e+08 -1.80094e+08 6.05049e+07 -2.1087e+07 7.62144e+06 -2.85566e+06 1.10889e+06 -446088 185864 -80166.9 35796.4 -16530.5 7903.13 -3900.74 1996.26 -1050.42 576.121 -321.764 189.882 -111.69 71.4944 -43.74 30.757 -19.2363 15.0813 -9.45389 8.35596 -5.15492 5.13834 -3.07499 3.4129 -1.95716 2.37052 -1.28348 1.6678 -0.833674 1.15703 -0.515677 0.775832 -0.291869 0.496268 -0.143824 0.300448 -0.0564259 0.171023 -0.0133843 0.0901625 0.0015341 0.0418946 0.00204171 0.014282 -0.00170372 0.000192279 -2.24602e-05 2.73725e-06 -3.48125e-07 4.6184e-08 -6.38835e-09 9.20972e-10 -1.38323e-10 2.16357e-11 -3.52315e-12 5.97085e-13 -1.05283e-13 1.93102e-14 -3.68308e-15 7.30364e-16 -1.50551e-16 3.22532e-17 -7.1803e-18 1.66092e-18 -3.99297e-19 1.00201e-19 -2.77739e-20 1.0836e-23 
5.96238e+07 -2.54064e+10 1.23314e+10 -3.56728e+09 1.07166e+09 -3.34262e+08 1.0822e+08 -3.63579e+07 1.26714e+07 -4.57978e+06 1.71601e+06 -666333 268067 -111680 48179.7 -21504.6 9938.54 -4744.44 2348.14 -1195.85 634.552 -343.179 196.076 -111.639 69.3453 -40.9421 28.1141 -16.8229 13.0635 -7.69903 6.91625 -3.90274 4.1093 -2.17371 2.67224 -1.30849 1.84305 -0.826749 1.30529 -0.526703 0.92259 -0.323149 0.636456 -0.181407 0.421801 -0.086888 0.265605 -0.0305527 0.157282 -0.00326871 0.0859312 0.00478662 0.0410803 0.00279418 0.0142769 -0.00165645 0.000179451 -2.00742e-05 2.34315e-06 -2.85548e-07 3.6316e-08 -4.81785e-09 6.66424e-10 -9.60746e-11 1.44296e-11 -2.25701e-12 3.6753e-13 -6.22871e-14 1.0983e-14 -2.01442e-15 3.84214e-16 -7.61905e-17 1.57053e-17 -3.36461e-18 7.49039e-19 -1.73265e-19 4.16542e-20 -1.04529e-20 2.89734e-21 -1.13039e-24 
-3.68092e+07 1.57607e+10 -7.64973e+09 2.21294e+09 -6.648e+08 2.07357e+08 -6.71337e+07 2.25544e+07 -7.86061e+06 2.84105e+06 -1.0645e+06 413364 -166285 69286.9 -29881.6 13345.8 -6160.36 2947.59 -1452.7 745.382 -390.454 215.76 -119.043 71.5955 -40.9003 27.3146 -15.7052 12.0073 -6.68104 6.06391 -3.12545 3.47396 -1.59863 2.20531 -0.886653 1.50407 -0.523186 1.06666 -0.316867 0.763575 -0.186918 0.538575 -0.100051 0.367494 -0.04305 0.239204 -0.00965911 0.1465 0.00531458 0.082535 0.00768393 0.0404469 0.00349153 0.0143004 -0.0016156 0.000168065 -1.79984e-05 2.01112e-06 -2.34724e-07 2.86045e-08 -3.63792e-09 4.82623e-10 -6.67584e-11 9.62417e-12 -1.44547e-12 2.26093e-13 -3.68169e-14 6.23954e-15 -1.10021e-15 2.01792e-16 -3.84883e-17 7.63231e-18 -1.57326e-18 3.37047e-19 -7.50343e-20 1.73567e-20 -4.17266e-21 1.0471e-21 -2.90238e-22 1.13236e-25 
2.3736e+07 -1.0091e+10 4.89786e+09 -1.41687e+09 4.25649e+08 -1.32764e+08 4.29835e+07 -1.44408e+07 5.0329e+06 -1.81901e+06 681575 -264654 106475 -44355.3 19138.2 -8539.55 3948.98 -1883.04 933.876 -473.871 253.026 -135.413 78.6822 -43.6162 28.1969 -15.6714 11.6991 -6.20132 5.62184 -2.66771 3.09812 -1.23472 1.91492 -0.610423 1.28699 -0.319099 0.909687 -0.171709 0.655795 -0.0894565 0.469957 -0.0395437 0.328021 -0.00900524 0.21931 0.00734028 0.138115 0.0126442 0.0798522 0.0102777 0.0399772 0.00413999 0.0143512 -0.00158073 0.000157974 -1.61915e-05 1.73106e-06 -1.93395e-07 2.25715e-08 -2.75065e-09 3.49828e-10 -4.64099e-11 6.4196e-12 -9.25477e-13 1.38999e-13 -2.17415e-14 3.54038e-15 -6.00005e-16 1.05798e-16 -1.94047e-17 3.7011e-18 -7.33936e-19 1.51288e-19 -3.2411e-20 7.21542e-21 -1.66905e-21 4.0125e-22 -1.00691e-22 2.79098e-23 -1.0889e-26 
-1.55222e+07 6.66681e+09 -3.23586e+09 9.36078e+08 -2.81212e+08 8.77127e+07 -2.83977e+07 9.54059e+06 -3.32506e+06 1.20178e+06 -450285 174857 -70336.9 29310.6 -12638.3 5646.85 -2604.48 1248.06 -613.403 316.28 -164.282 92.0589 -49.643 30.9269 -16.7227 12.0752 -6.17402 5.50169 -2.44598 2.9066 -1.01565 1.74388 -0.431092 1.15122 -0.181143 0.807703 -0.0703083 0.583366 -0.019 0.422229 0.00590084 0.299578 0.0176666 0.204478 0.0212767 0.131689 0.0189426 0.0777847 0.0126109 0.0396573 0.00474482 0.0144284 -0.00155148 0.000149056 -1.4619e-05 1.49469e-06 -1.59755e-07 1.78474e-08 -2.083e-09 2.53843e-10 -3.22838e-11 4.28292e-12 -5.9243e-13 8.54072e-14 -1.28275e-14 2.00641e-15 -3.26722e-16 5.53712e-17 -9.76356e-18 1.79075e-18 -3.41554e-19 6.7731e-20 -1.39615e-20 2.99103e-21 -6.65872e-22 1.54027e-22 -3.70292e-23 9.29225e-24 -2.57564e-24 1.00488e-27 
1.07296e+07 -4.54348e+09 2.20526e+09 -6.37945e+08 1.91649e+08 -5.97769e+07 1.93533e+07 -6.50198e+06 2.26607e+06 -819009 306882 -119158 47942.2 -19969.2 8618.52 -3843.57 1779.24 -846.758 421.445 -212.495 114.702 -60.2725 36.0534 -19.0746 13.2026 -6.60011 5.67739 -2.42398 2.86156 -0.905195 1.65954 -0.319858 1.07218 -0.0886461 0.743855 0.000847023 0.535836 0.0323686 0.389645 0.0403464 0.279436 0.0387421 0.193627 0.0327876 0.12688 0.0243879 0.0762536 0.0147188 0.0394761 0.00531045 0.0145314 -0.00152756 0.00014121 -1.3252e-05 1.29513e-06 -1.32356e-07 1.41458e-08 -1.58032e-09 1.84441e-10 -2.24768e-11 2.8586e-12 -3.79235e-13 5.24573e-14 -7.56247e-15 1.13582e-15 -1.77659e-16 2.893e-17 -4.9029e-18 8.64524e-19 -1.58564e-19 3.02433e-20 -5.9973e-21 1.23624e-21 -2.64844e-22 5.89603e-23 -1.36385e-23 3.27879e-24 -8.22791e-25 2.28063e-25 -8.89783e-29 
-7.39634e+06 3.1927e+09 -1.54964e+09 4.48284e+08 -1.34671e+08 4.20052e+07 -1.35995e+07 4.56895e+06 -1.59235e+06 575528 -215637 83740.2 -33682.3 14038.2 -6051.06 2705.45 -1246.21 598.641 -292.909 152.223 -77.9955 44.6951 -23.2277 15.301 -7.56831 6.17772 -2.6025 2.95203 -0.887557 1.64532 -0.260715 1.03554 -0.0290525 0.707637 0.0504241 0.506361 0.0699675 0.368273 0.066647 0.265648 0.0555255 0.185951 0.0423621 0.123425 0.0291222 0.0751963 0.0166307 0.0394247 0.00584056 0.0146599 -0.00150877 0.000134353 -1.20662e-05 1.12674e-06 -1.10034e-07 1.12438e-08 -1.20169e-09 1.34248e-10 -1.56683e-11 1.90941e-12 -2.42838e-13 3.22161e-14 -4.45626e-15 6.42433e-16 -9.64884e-17 1.50922e-17 -2.45761e-18 4.16502e-19 -7.34415e-20 1.347e-20 -2.56917e-21 5.09472e-22 -1.05018e-22 2.24986e-23 -5.00869e-24 1.15859e-24 -2.78534e-25 6.98963e-26 -1.9374e-26 7.55872e-30 
5.49159e+06 -2.31175e+09 1.12205e+09 -3.24589e+08 9.75117e+07 -3.04148e+07 9.84707e+06 -3.30823e+06 1.15299e+06 -416713 156145 -60626.6 24394.8 -10159.1 4386.33 -1954.58 906.214 -430.011 215.168 -107.462 58.9477 -30.1414 18.815 -9.28345 7.09536 -3.01999 3.19106 -0.96335 1.69656 -0.246671 1.03396 0.00473854 0.692798 0.0838336 0.490553 0.0973264 0.35545 0.0867944 0.256829 0.0689704 0.180853 0.0503736 0.12112 0.0332585 0.0745633 0.0183707 0.0394967 0.00633821 0.0148139 -0.00149495 0.000128417 -1.10413e-05 9.84823e-07 -9.18521e-08 8.96835e-09 -9.16407e-10 9.79408e-11 -1.09416e-11 1.27701e-12 -1.55622e-13 1.9792e-14 -2.6257e-15 3.63197e-16 -5.23601e-17 7.86407e-18 -1.23006e-18 2.00302e-19 -3.39461e-20 5.98568e-21 -1.09784e-21 2.09394e-22 -4.15234e-23 8.55929e-24 -1.83369e-24 4.08222e-25 -9.44285e-26 2.27013e-26 -5.69674e-27 1.57903e-27 -6.16057e-31 
-3.96388e+06 1.72306e+09 -8.36317e+08 2.41932e+08 -7.26801e+07 2.26696e+07 -7.33947e+06 2.4658e+06 -859367 310606 -116374 45194.9 -18176.5 7577.39 -3264.65 1460.99 -671.764 323.785 -157.449 82.7143 -41.5911 24.5699 -12.1346 8.61612 -3.76439 3.61967 -1.15001 1.8195 -0.278201 1.06553 0.0158117 0.696137 0.104182 0.485756 0.116705 0.349423 0.102153 0.252014 0.0797655 0.177895 0.0571048 0.119811 0.036886 0.0743168 0.0199582 0.0396873 0.00680589 0.0149936 -0.00148601 0.000123348 -1.01603e-05 8.65497e-07 -7.70538e-08 7.18426e-09 -7.01429e-10 7.16731e-11 -7.66005e-12 8.55754e-13 -9.98762e-14 1.21713e-14 -1.54795e-15 2.05358e-16 -2.8406e-17 4.09513e-18 -6.15056e-19 9.62038e-20 -1.56658e-20 2.65495e-21 -4.68146e-22 8.58634e-23 -1.63769e-23 3.24758e-24 -6.6943e-25 1.43415e-25 -3.19274e-26 7.38535e-27 -1.77549e-27 4.45547e-28 -1.23498e-28 4.81824e-32 
3.15957e+06 -1.32006e+09 6.40716e+08 -1.85348e+08 5.56815e+07 -1.73675e+07 5.62291e+06 -1.88908e+06 658386 -237951 89164 -34617.9 13931.1 -5800.09 2505.56 -1115.35 518.146 -244.945 123.4 -60.8876 34.0845 -16.8334 11.0808 -5.00073 4.31897 -1.48682 2.03302 -0.363498 1.13336 0.0038119 0.716914 0.112796 0.490624 0.129415 0.349125 0.113615 0.250559 0.088395 0.17677 0.0627655 0.119384 0.0400736 0.0744286 0.0214087 0.0399936 0.00724557 0.0151994 -0.00148192 0.000119104 -9.40925e-06 7.65561e-07 -6.50303e-08 5.78623e-09 -5.39436e-10 5.26665e-11 -5.38154e-12 5.7515e-13 -6.42538e-14 7.49915e-15 -9.13878e-16 1.16227e-16 -1.54192e-17 2.13285e-18 -3.07481e-19 4.61812e-20 -7.22341e-21 1.17626e-21 -1.99346e-22 3.51505e-23 -6.44701e-24 1.22965e-24 -2.43843e-25 5.02638e-26 -1.07682e-26 2.39725e-27 -5.54525e-28 1.33311e-28 -3.34537e-29 9.27275e-30 -3.61775e-33 
-2.36633e+06 1.03735e+09 -5.03498e+08 1.45653e+08 -4.37565e+07 1.36481e+07 -4.41867e+06 1.48452e+06 -517373 186999 -70060.9 27210.3 -10942.1 4562.74 -1964.72 880.222 -403.861 195.437 -94.3429 50.1953 -24.6859 15.1065 -7.02614 5.43535 -2.04638 2.37377 -0.520655 1.2464 -0.0352118 0.756742 0.109418 0.504926 0.135993 0.354036 0.121696 0.252076 0.0951789 0.177272 0.0675052 0.119762 0.042873 0.0748796 0.0227342 0.0404144 0.00765875 0.015432 -0.00148269 0.000115656 -8.77675e-06 6.82378e-07 -5.52905e-08 4.69212e-09 -4.17412e-10 3.8913e-11 -3.79915e-12 3.88203e-13 -4.1489e-14 4.63501e-15 -5.40959e-16 6.59235e-17 -8.38415e-18 1.11228e-18 -1.53855e-19 2.21804e-20 -3.33132e-21 5.21068e-22 -8.48504e-23 1.438e-23 -2.53561e-24 4.65061e-25 -8.87023e-26 1.75899e-26 -3.62583e-27 7.76777e-28 -1.72928e-28 4.00012e-29 -9.61655e-30 2.41321e-30 -6.68899e-31 2.6097e-34 
2.01282e+06 -8.33897e+08 4.04747e+08 -1.17086e+08 3.51746e+07 -1.09713e+07 3.55205e+06 -1.19335e+06 415911 -150315 56327 -21867.6 8801.24 -3663.28 1583.4 -704.039 327.793 -154.315 78.3246 -38.1343 21.8232 -10.3755 7.22857 -2.9569 2.90658 -0.782479 1.42164 -0.109754 0.81995 0.0921153 0.529517 0.136259 0.364125 0.12659 0.256396 0.100298 0.179285 0.0714217 0.120895 0.0453206 0.0756589 0.0239434 0.0409499 0.00804644 0.0156922 -0.00148838 0.000112984 -8.25368e-06 6.13796e-07 -4.74401e-08 3.83791e-09 -3.25579e-10 2.89615e-11 -2.69988e-12 2.63594e-13 -2.69344e-14 2.87861e-15 -3.21588e-16 3.7533e-17 -4.57392e-18 5.81712e-19 -7.71726e-20 1.06748e-20 -1.53893e-21 2.31135e-22 -3.61529e-23 5.88712e-24 -9.97718e-25 1.75927e-25 -3.2267e-26 6.15437e-27 -1.22042e-27 2.51569e-28 -5.38946e-29 1.19982e-29 -2.77538e-30 6.67219e-31 -1.67434e-31 4.64097e-32 -1.81067e-35 
-1.54484e+06 6.83432e+08 -3.31716e+08 9.59598e+07 -2.88278e+07 8.99166e+06 -2.91112e+06 978036 -340856 123201 -46156.9 17927.6 -7208.22 3006.62 -1293.9 580.357 -265.68 129.105 -61.8494 33.34 -16.0251 10.1629 -4.44369 3.74375 -1.20556 1.68838 -0.23487 0.914516 0.0568732 0.566507 0.129268 0.379852 0.128178 0.263553 0.103807 0.182775 0.0745661 0.122764 0.0474388 0.0767629 0.0250417 0.0416024 0.00840924 0.0159813 -0.00149911 0.00011108 -7.83306e-06 5.58083e-07 -4.11641e-08 3.17381e-09 -2.56596e-10 2.17644e-11 -1.93596e-12 1.80475e-13 -1.76201e-14 1.80045e-15 -1.92422e-16 2.14968e-17 -2.50892e-18 3.05747e-19 -3.88849e-20 5.15866e-21 -7.13566e-22 1.02871e-22 -1.54504e-23 2.41667e-24 -3.93529e-25 6.66932e-26 -1.17599e-26 2.15691e-27 -4.11393e-28 8.15802e-29 -1.68163e-29 3.60262e-30 -8.02025e-31 1.85522e-31 -4.46007e-32 1.11923e-32 -3.10229e-33 1.21035e-36 
1.38494e+06 -5.68836e+08 2.76095e+08 -7.98696e+07 2.39941e+07 -7.48395e+06 2.42301e+06 -814031 283711 -102535 38423.7 -14916.1 6004.25 -2498.39 1080.53 -479.883 223.927 -104.978 53.6803 -25.7915 15.0812 -6.90678 5.08035 -1.88664 2.09598 -0.43584 1.05382 -0.00323657 0.619651 0.113136 0.402242 0.126005 0.273796 0.105631 0.187788 0.0769442 0.125375 0.0492362 0.0781962 0.0260318 0.0423752 0.00874727 0.0163007 -0.00151505 0.000109947 -7.50993e-06 5.13875e-07 -3.62132e-08 2.66129e-09 -2.04963e-10 1.6566e-11 -1.40503e-12 1.24977e-13 -1.16506e-14 1.13747e-15 -1.16228e-16 1.24219e-17 -1.38773e-18 1.61964e-19 -1.97376e-20 2.51022e-21 -3.33018e-22 4.60644e-23 -6.64084e-24 9.97402e-25 -1.56008e-25 2.54043e-26 -4.30539e-27 7.59166e-28 -1.3924e-28 2.65576e-29 -5.26642e-30 1.08558e-30 -2.32568e-31 5.17749e-32 -1.19764e-32 2.87921e-33 -7.22519e-34 2.00269e-34 -7.81347e-38 
-1.07212e+06 4.78798e+08 -2.32394e+08 6.72275e+07 -2.01962e+07 6.29937e+06 -2.03947e+06 685193 -238796 86312.5 -32335.9 12560.2 -5049.46 2106.79 -906.122 406.898 -185.857 90.687 -43.1214 23.5403 -11.067 7.25927 -2.99212 2.72747 -0.754569 1.25968 -0.0995073 0.695039 0.0847131 0.43304 0.119209 0.287612 0.10556 0.194452 0.0785153 0.128763 0.0507078 0.0799708 0.0269128 0.043274 0.00906019 0.016652 -0.00153642 0.000109596 -7.28121e-06 4.80141e-07 -3.23941e-08 2.2708e-09 -1.66581e-10 1.28225e-11 -1.03622e-12 8.78833e-14 -7.81714e-15 7.28731e-16 -7.11473e-17 7.26992e-18 -7.76971e-19 8.68005e-20 -1.01306e-20 1.23456e-21 -1.57011e-22 2.08298e-23 -2.88127e-24 4.15376e-25 -6.23861e-26 9.75811e-27 -1.58901e-27 2.69296e-28 -4.74848e-29 8.70927e-30 -1.66114e-30 3.29408e-31 -6.79014e-32 1.45468e-32 -3.23845e-33 7.49108e-34 -1.8009e-34 4.51926e-35 -1.25266e-35 4.88722e-39 
996835 -4.05786e+08 1.96956e+08 -5.69759e+07 1.71165e+07 -5.33877e+06 1.72848e+06 -580698 202390 -73144.2 27410.6 -10640.1 4283.61 -1781.91 771.115 -342.064 159.974 -74.6849 38.4703 -18.2448 10.8919 -4.81145 3.72366 -1.26066 1.56755 -0.250038 0.802271 0.0390234 0.474978 0.106397 0.305794 0.103217 0.202994 0.079187 0.132993 0.0518339 0.0821072 0.0276809 0.0443058 0.00934717 0.0170373 -0.00156351 0.000110051 -7.14575e-06 4.5616e-07 -2.95609e-08 1.98002e-09 -1.38416e-10 1.01444e-11 -7.80639e-13 6.30808e-14 -5.34986e-15 4.75864e-16 -4.43611e-17 4.33105e-18 -4.42552e-19 4.72976e-20 -5.28393e-21 6.16695e-22 -7.51529e-23 9.55796e-24 -1.268e-24 1.75395e-25 -2.52857e-26 3.79772e-27 -5.94019e-28 9.67297e-29 -1.63933e-29 2.89061e-30 -5.30171e-31 1.01121e-31 -2.00525e-32 4.13346e-33 -8.85528e-34 1.97139e-34 -4.56015e-35 1.09629e-35 -2.75107e-36 7.62547e-37 -2.97506e-40 
-764074 3.44794e+08 -1.67352e+08 4.84121e+07 -1.45437e+07 4.53633e+06 -1.46867e+06 493424 -171962 62156.3 -23285.4 9045.34 -3635.87 1517.46 -652.249 293.252 -133.636 65.4833 -30.8988 17.0851 -7.85479 5.32613 -2.07063 2.03524 -0.48379 0.956352 -0.0316271 0.532199 0.0854433 0.329529 0.0980157 0.213758 0.0788065 0.138164 0.0525785 0.0846353 0.0283286 0.04548 0.00960685 0.0174589 -0.00159666 0.000111347 -7.10431e-06 4.41504e-07 -2.76107e-08 1.7726e-09 -1.1826e-10 8.25456e-12 -6.04652e-13 4.65225e-14 -3.75917e-15 3.18811e-16 -2.83578e-17 2.64358e-18 -2.58097e-19 2.63727e-20 -2.81857e-21 3.14881e-22 -3.67502e-23 4.47853e-24 -5.6958e-25 7.55632e-26 -1.04522e-26 1.50683e-27 -2.26315e-28 3.53989e-29 -5.76434e-30 9.76911e-31 -1.72258e-31 3.15941e-32 -6.02602e-33 1.19497e-33 -2.46322e-34 5.27706e-35 -1.17479e-35 2.71749e-36 -6.53304e-37 1.63943e-37 -4.54419e-38 1.77291e-41 
726076 -2.92536e+08 1.41988e+08 -4.10746e+07 1.23394e+07 -3.84878e+06 1.24608e+06 -418631 145906 -52729.9 19761 -7670.21 3088.44 -1284.31 556.153 -246.383 115.513 -53.6804 27.8724 -13.0335 7.95433 -3.38159 2.75795 -0.847331 1.18079 -0.139079 0.610929 0.0531806 0.360546 0.089095 0.227235 0.0771467 0.144417 0.0528867 0.0875953 0.0288444 0.0468081 0.00983729 0.0179196 -0.0016363 0.000113531 -7.15969e-06 4.36036e-07 -2.64792e-08 1.63722e-09 -1.04553e-10 6.95948e-12 -4.85347e-13 3.55414e-14 -2.73434e-15 2.20938e-16 -1.87374e-17 1.66667e-18 -1.5537e-19 1.51691e-20 -1.54999e-21 1.65655e-22 -1.85064e-23 2.15991e-24 -2.63215e-25 3.34757e-26 -4.44105e-27 6.14304e-28 -8.85607e-29 1.33011e-29 -2.08049e-30 3.38786e-31 -5.74157e-32 1.01241e-32 -1.85687e-33 3.54165e-34 -7.02317e-35 1.4477e-35 -3.10147e-36 6.90458e-37 -1.59714e-37 3.83964e-38 -9.63534e-39 2.67074e-39 -1.04199e-42 
-539991 2.46914e+08 -1.19844e+08 3.46689e+07 -1.04151e+07 3.24856e+06 -1.05174e+06 353352 -123145 44512 -16674.7 6477.94 -2603.41 1086.96 -466.854 210.207 -95.5244 47.0448 -21.9977 12.3458 -5.53064 3.89386 -1.41611 1.51261 -0.301592 0.720511 0.00492351 0.40134 0.075218 0.244113 0.0738858 0.151942 0.0526808 0.0910397 0.029212 0.0483044 0.0100359 0.0184225 -0.00168293 0.000116666 -7.31688e-06 4.39923e-07 -2.61398e-08 1.56705e-09 -9.6261e-11 6.12829e-12 -4.07384e-13 2.83959e-14 -2.07903e-15 1.5994e-16 -1.29232e-17 1.09599e-18 -9.74866e-20 9.08791e-21 -8.87268e-22 9.06622e-23 -9.6895e-24 1.08248e-24 -1.26337e-25 1.5396e-26 -1.95806e-27 2.59766e-28 -3.59319e-29 5.18009e-30 -7.78009e-31 1.21692e-31 -1.98163e-32 3.35836e-33 -5.92176e-34 1.08612e-34 -2.07158e-35 4.108e-36 -8.46789e-37 1.81411e-37 -4.03863e-38 9.34202e-39 -2.24588e-39 5.6359e-40 -1.56217e-40 6.09478e-44 
520006 -2.06645e+08 1.00299e+08 -2.90148e+07 8.71651e+06 -2.71875e+06 880226 -295717 103067 -37247.6 13959.5 -5417.82 2181.96 -906.96 393.093 -173.846 81.7673 -37.7738 19.8135 -9.1007 5.70864 -2.31344 2.01065 -0.547468 0.875023 -0.0662521 0.455493 0.0546264 0.265338 0.0685794 0.160993 0.0518551 0.0950357 0.0294098 0.0499859 0.0101992 0.0189713 -0.00173713 0.000120827 -7.58326e-06 4.53651e-07 -2.66041e-08 1.55944e-09 -9.28035e-11 5.67932e-12 -3.60916e-13 2.39736e-14 -1.67054e-15 1.22297e-16 -9.40802e-18 7.60164e-19 -6.4468e-20 5.73433e-21 -5.34566e-22 5.21906e-23 -5.3329e-24 5.69952e-25 -6.36731e-26 7.43138e-27 -9.05618e-28 1.15177e-28 -1.52799e-29 2.11357e-30 -3.04702e-31 4.57638e-32 -7.15812e-33 1.16563e-33 -1.97544e-34 3.48328e-35 -6.38874e-36 1.21854e-36 -2.41639e-37 4.98095e-38 -1.06709e-38 2.37559e-39 -5.49513e-40 1.32107e-40 -3.31513e-41 9.18894e-42 -3.58505e-45 
-366766 1.70987e+08 -8.29916e+07 2.40081e+07 -7.21238e+06 2.24962e+06 -728327 244696 -85276.7 30824.8 -11546.7 4486.3 -1802.54 752.979 -323.066 145.763 -65.9822 32.7219 -15.111 8.6531 -3.74273 2.76913 -0.920872 1.0958 -0.17061 0.52816 0.0248297 0.292214 0.0606198 0.171904 0.0502693 0.0996683 0.0294099 0.0518735 0.010323 0.0195702 -0.00179959 0.000126111 -7.96894e-06 4.78061e-07 -2.79239e-08 1.61593e-09 -9.40141e-11 5.57197e-12 -3.40266e-13 2.16017e-14 -1.43425e-15 9.99246e-17 -7.31489e-18 5.62706e-19 -4.54661e-20 3.85589e-21 -3.42975e-22 3.19729e-23 -3.12157e-24 3.18966e-25 -3.40894e-26 3.80835e-27 -4.44477e-28 5.41658e-29 -6.88881e-30 9.13902e-31 -1.26415e-31 1.82245e-32 -2.73717e-33 4.28134e-34 -6.97171e-35 1.18153e-35 -2.08338e-36 3.82116e-37 -7.2882e-38 1.44527e-38 -2.97915e-39 6.38237e-40 -1.42086e-40 3.28669e-41 -7.90141e-42 1.98281e-42 -5.49599e-43 2.14425e-46 
358440 -1.39533e+08 6.77248e+07 -1.95916e+07 5.88563e+06 -1.83577e+06 594354 -199676 69594.6 -25150.1 9426.28 -3657.89 1473.64 -612.136 265.657 -117.189 55.3794 -25.3629 13.5 -6.04266 3.94027 -1.49124 1.41541 -0.323436 0.626795 -0.0177044 0.326528 0.0491807 0.185113 0.0477387 0.105044 0.0291761 0.0539918 0.0104021 0.0202239 -0.00187113 0.000132632 -8.48712e-06 5.144e-07 -3.01962e-08 1.74257e-09 -1.00145e-10 5.80335e-12 -3.43198e-13 2.09343e-14 -1.32828e-15 8.81707e-17 -6.14233e-18 4.49629e-19 -3.45879e-20 2.79467e-21 -2.3701e-22 2.10816e-23 -1.96527e-24 1.91873e-25 -1.96058e-26 2.09537e-27 -2.34087e-28 2.73206e-29 -3.32941e-30 4.23434e-31 -5.61748e-32 7.77032e-33 -1.1202e-33 1.68246e-34 -2.63161e-35 4.2853e-36 -7.2625e-37 1.28059e-37 -2.34875e-38 4.47983e-39 -8.8836e-40 1.83119e-40 -3.92304e-41 8.73359e-42 -2.02022e-42 4.85676e-43 -1.21877e-43 3.37821e-44 -1.318e-47 
-232870 1.12058e+08 -5.43893e+07 1.57339e+07 -4.7267e+06 1.47431e+06 -477314 160364 -55886.2 20201.8 -7566.8 2940.51 -1180.99 493.743 -211.492 95.7248 -43.0737 21.5875 -9.78234 5.77223 -2.36858 1.88393 -0.547631 0.762233 -0.0779994 0.370747 0.0331397 0.201198 0.0440217 0.111297 0.0286629 0.0563706 0.0104298 0.0209382 -0.0019527 0.000140528 -9.15466e-06 5.64387e-07 -3.35709e-08 1.95058e-09 -1.11909e-10 6.40949e-12 -3.70701e-13 2.18987e-14 -1.33501e-15 8.46836e-17 -5.62059e-18 3.91535e-19 -2.86606e-20 2.20472e-21 -1.78139e-22 1.51075e-23 -1.34379e-24 1.25271e-25 -1.22304e-26 1.24972e-27 -1.33564e-28 1.49213e-29 -1.74148e-30 2.12224e-31 -2.69907e-32 3.58071e-33 -4.95298e-34 7.14043e-35 -1.07244e-35 1.67745e-36 -2.73155e-37 4.62929e-38 -8.16278e-39 1.49715e-39 -2.85555e-40 5.66262e-41 -1.16725e-41 2.50064e-42 -5.56699e-43 1.28774e-43 -3.09581e-44 7.76874e-45 -2.15335e-45 8.40127e-49 
234770 -8.84051e+07 4.29091e+07 -1.24128e+07 3.72902e+06 -1.16311e+06 376572 -126510 44094.4 -15934 5972.76 -2317.19 933.989 -387.564 168.548 -74.0502 35.2557 -15.927 8.6731 -3.72861 2.57891 -0.877727 0.950319 -0.163232 0.428287 0.0109697 0.220914 0.038803 0.118594 0.0278128 0.0590456 0.0103982 0.0217194 -0.0020454 0.000149968 -9.99266e-06 6.30304e-07 -3.82612e-08 2.25744e-09 -1.30573e-10 7.47162e-12 -4.27278e-13 2.46904e-14 -1.45783e-15 8.88514e-17 -5.63539e-18 3.7401e-19 -2.60533e-20 1.9071e-21 -1.46704e-22 1.18535e-23 -1.00527e-24 8.9417e-26 -8.33564e-27 8.13823e-28 -8.31574e-29 8.88743e-30 -9.92873e-31 1.1588e-31 -1.41216e-32 1.79598e-33 -2.38263e-34 3.29575e-35 -4.7513e-36 7.13607e-37 -1.11619e-37 1.81759e-38 -3.08036e-39 5.43157e-40 -9.96214e-41 1.9001e-41 -3.76795e-42 7.76694e-43 -1.66395e-43 3.70432e-44 -8.56871e-45 2.05998e-45 -5.16938e-46 1.43286e-46 -5.59027e-50 
-134343 6.84103e+07 -3.32042e+07 9.60541e+06 -2.88561e+06 900053 -291395 97901.7 -34117.4 12333.6 -4619.01 1795.54 -720.659 301.701 -128.881 58.6372 -26.1287 13.3199 -5.85422 3.62148 -1.36614 1.21438 -0.283706 0.503899 -0.0194128 0.245263 0.0316711 0.127146 0.0265533 0.0620596 0.0102976 0.0225751 -0.00215054 0.00016115 -1.10273e-05 7.15114e-07 -4.45585e-08 2.68845e-09 -1.58108e-10 9.1285e-12 -5.218e-13 2.98216e-14 -1.72263e-15 1.01691e-16 -6.1972e-18 3.93037e-19 -2.60846e-20 1.81702e-21 -1.33006e-22 1.02314e-23 -8.26686e-25 7.01095e-26 -6.23613e-27 5.81345e-28 -5.67577e-29 5.79957e-30 -6.19828e-31 6.9245e-32 -8.08168e-33 9.84867e-34 -1.25255e-34 1.6617e-35 -2.29853e-36 3.31365e-37 -4.97685e-38 7.78452e-39 -1.26763e-39 2.14831e-40 -3.78809e-41 6.9478e-42 -1.32517e-42 2.62784e-43 -5.41683e-44 1.16047e-44 -2.58347e-45 5.976e-46 -1.43667e-46 3.60523e-47 -9.99304e-48 3.89877e-51 
145650 -5.18579e+07 2.51702e+07 -7.2813e+06 2.18742e+06 -682271 220896 -74209.1 25866.2 -9346.26 3504.04 -1358.86 548.197 -227.068 99.1014 -43.2414 20.8458 -9.2046 5.20221 -2.09302 1.58901 -0.454303 0.604235 -0.060862 0.275567 0.0220882 0.137219 0.0247933 0.065464 0.010116 0.0235139 -0.00226964 0.000174312 -1.22911e-05 8.22618e-07 -5.28528e-08 3.2791e-09 -1.97418e-10 1.15967e-11 -6.69109e-13 3.82327e-14 -2.18457e-15 1.26174e-16 -7.44786e-18 4.53864e-19 -2.87843e-20 1.9103e-21 -1.33069e-22 9.74064e-24 -7.49296e-25 6.05422e-26 -5.13445e-27 4.56701e-28 -4.25746e-29 4.15664e-30 -4.2473e-31 4.53929e-32 -5.07114e-33 5.9186e-34 -7.21265e-35 9.17305e-36 -1.21694e-36 1.68332e-37 -2.42675e-38 3.64478e-39 -5.70097e-40 9.28344e-41 -1.57331e-41 2.7742e-42 -5.08821e-43 9.70487e-44 -1.9245e-44 3.967e-45 -8.49868e-46 1.892e-46 -4.37651e-47 1.05214e-47 -2.64028e-48 7.31838e-49 -2.85526e-52 
-67540.7 3.84669e+07 -1.86706e+07 5.4011e+06 -1.62257e+06 506098 -163850 55050.7 -19183.4 6935.69 -2596.8 1010.01 -404.903 169.917 -72.2406 33.1637 -14.5313 7.6234 -3.18175 2.12583 -0.696642 0.738662 -0.117306 0.313593 0.00934896 0.149148 0.0224182 0.0693211 0.00983881 0.0245462 -0.00240449 0.000189742 -1.38238e-05 9.57652e-07 -6.3659e-08 4.07818e-09 -2.52675e-10 1.52019e-11 -8.92655e-13 5.14939e-14 -2.942e-15 1.68089e-16 -9.70795e-18 5.73032e-19 -3.49195e-20 2.2146e-21 -1.46974e-22 1.0238e-23 -7.4942e-25 5.7649e-26 -4.65797e-27 3.95032e-28 -3.51375e-29 3.27559e-30 -3.19801e-31 3.26777e-32 -3.49242e-33 3.90161e-34 -4.55362e-35 5.54923e-36 -7.05752e-37 9.36283e-38 -1.2951e-38 1.86708e-39 -2.8042e-40 4.38619e-41 -7.14244e-42 1.21046e-42 -2.1344e-43 3.91474e-44 -7.46668e-45 1.48066e-45 -3.05211e-46 6.53867e-47 -1.45566e-47 3.36718e-48 -8.09491e-49 2.03137e-49 -5.63058e-50 2.19676e-53 
86360.7 -2.78959e+07 1.35398e+07 -3.91683e+06 1.17668e+06 -367013 118827 -39918.5 13914.9 -5027.09 1885.38 -730.596 295.208 -121.881 53.5324 -23.0746 11.3684 -4.82379 2.90248 -1.04234 0.920454 -0.194177 0.361702 -0.00747484 0.163359 0.0192831 0.0737062 0.00944837 0.0256837 -0.00255722 0.000207781 -1.56743e-05 1.12635e-06 -7.7653e-08 5.15218e-09 -3.29796e-10 2.04257e-11 -1.22865e-12 7.21389e-14 -4.16118e-15 2.37732e-16 -1.35824e-17 7.84439e-19 -4.63029e-20 2.8216e-21 -1.78946e-22 1.18759e-23 -8.2726e-25 6.05553e-26 -4.6582e-27 3.76377e-28 -3.19197e-29 2.83921e-30 -2.64677e-31 2.58408e-32 -2.64045e-33 2.82197e-34 -3.15261e-35 3.67946e-36 -4.48394e-37 5.70267e-38 -7.56543e-39 1.04648e-39 -1.50865e-40 2.26588e-41 -3.54416e-42 5.7713e-43 -9.78089e-44 1.72466e-44 -3.16322e-45 6.03329e-46 -1.19641e-46 2.46619e-47 -5.28343e-48 1.17621e-48 -2.72077e-49 6.54092e-50 -1.6414e-50 4.54967e-51 -1.77505e-54 
-26730.9 1.97624e+07 -9.59203e+06 2.77482e+06 -833592 260010 -84176.8 28283.1 -9854.85 3563.75 -1333.66 519.262 -207.711 87.5525 -36.8988 17.2162 -7.31839 4.03659 -1.53792 1.16855 -0.299036 0.423077 -0.02961 0.180396 0.0152047 0.0787112 0.00892284 0.0269404 -0.00273034 0.000228841 -1.7903e-05 1.33647e-06 -9.57193e-08 6.59134e-09 -4.37125e-10 2.79752e-11 -1.73246e-12 1.04206e-13 -6.11823e-15 3.52912e-16 -2.0162e-17 1.15192e-18 -6.65276e-20 3.9269e-21 -2.39297e-22 1.51763e-23 -1.00719e-24 7.0159e-26 -5.13563e-27 3.95057e-28 -3.19201e-29 2.70707e-30 -2.4079e-31 2.24469e-32 -2.19153e-33 2.23934e-34 -2.39328e-35 2.67369e-36 -3.12051e-37 3.80278e-38 -4.83637e-39 6.41616e-40 -8.87509e-41 1.27947e-41 -1.92166e-42 3.00577e-43 -4.89457e-44 8.29507e-45 -1.46266e-45 2.68269e-46 -5.11677e-47 1.01467e-47 -2.09155e-48 4.48082e-49 -9.97532e-50 2.30746e-50 -5.54728e-51 1.39206e-51 -3.85852e-52 1.5054e-55 
50185 -1.36678e+07 6.63395e+06 -1.91908e+06 576527 -179820 58221.5 -19557.6 6818.34 -2462.54 924.188 -357.604 144.937 -59.4696 26.4333 -11.137 5.70771 -2.25238 1.51017 -0.442461 0.502035 -0.0586863 0.200958 0.00995008 0.0844484 0.00823545 0.0283331 -0.00292683 0.000253419 -2.05839e-05 1.59783e-06 -1.19014e-07 8.51784e-09 -5.864e-10 3.8885e-11 -2.48846e-12 1.54104e-13 -9.26915e-15 5.44212e-16 -3.13912e-17 1.79339e-18 -1.02462e-19 5.91755e-21 -3.49293e-22 2.12852e-23 -1.34991e-24 8.95879e-26 -6.24056e-27 4.56807e-28 -3.51398e-29 2.83925e-30 -2.40791e-31 2.1418e-32 -1.99663e-33 1.94934e-34 -1.99186e-35 2.1288e-36 -2.37822e-37 2.77565e-38 -3.38252e-39 4.30189e-40 -5.70709e-41 7.89428e-42 -1.13807e-42 1.7093e-43 -2.67359e-44 4.35366e-45 -7.37836e-46 1.30102e-46 -2.38622e-47 4.5513e-48 -9.02532e-49 1.86041e-49 -3.98563e-50 8.87292e-51 -2.05245e-51 4.93424e-52 -1.23822e-52 3.43211e-53 -1.33903e-56 
-4750.1 9.22324e+06 -4.47665e+06 1.29503e+06 -389040 121349 -39284.8 13200.7 -4598.69 1663.73 -622.014 242.686 -96.6561 41.0954 -17.0283 8.19203 -3.2887 1.98469 -0.639354 0.604466 -0.0968803 0.225946 0.0032219 0.091056 0.00735314 0.0298813 -0.00315025 0.000282115 -2.38087e-05 1.92287e-06 -1.49047e-07 1.10971e-08 -7.94116e-10 5.46673e-11 -3.625e-12 2.31982e-13 -1.4366e-14 8.64091e-16 -5.07327e-17 2.92635e-18 -1.67184e-19 9.5517e-21 -5.51647e-22 3.25619e-23 -1.98425e-24 1.25841e-25 -8.35157e-27 5.81758e-28 -4.25846e-29 3.27581e-30 -2.64681e-31 2.2447e-32 -1.99663e-33 1.8613e-34 -1.81722e-35 1.85685e-36 -1.98451e-37 2.21702e-38 -2.58752e-39 3.15326e-40 -4.01031e-41 5.32027e-42 -7.35922e-43 1.06094e-43 -1.59344e-44 2.49238e-45 -4.05857e-46 6.87826e-47 -1.21284e-47 2.22449e-48 -4.24282e-49 8.4136e-50 -1.73431e-50 3.71549e-51 -8.27152e-52 1.91334e-52 -4.5998e-53 1.15429e-53 -3.19948e-54 1.24827e-57 
29820.2 -6.06995e+06 2.94618e+06 -852272 256041 -79857.7 25857.5 -8684.91 3028.66 -1093.15 410.834 -158.489 64.6351 -26.1914 11.9179 -4.80183 2.64951 -0.910849 0.738463 -0.147116 0.256535 -0.00536132 0.0987052 0.00623496 0.0316086 -0.00340489 0.00031566 -2.76909e-05 2.32742e-06 -1.87797e-07 1.45532e-08 -1.08347e-09 7.7532e-11 -5.3373e-12 3.53916e-13 -2.26488e-14 1.40257e-15 -8.43628e-17 4.95312e-18 -2.85705e-19 1.63224e-20 -9.3255e-22 5.38582e-23 -3.17907e-24 1.93726e-25 -1.22861e-26 8.15379e-28 -5.6798e-29 4.1576e-30 -3.19823e-31 2.58413e-32 -2.19154e-33 1.94934e-34 -1.81722e-35 1.77418e-36 -1.81288e-37 1.93751e-38 -2.16452e-39 2.52624e-40 -3.07858e-41 3.91534e-42 -5.19428e-43 7.18493e-44 -1.03581e-44 1.55571e-45 -2.43335e-46 3.96246e-47 -6.71537e-48 1.18411e-48 -2.1718e-49 4.14234e-50 -8.21434e-51 1.69324e-51 -3.6275e-52 8.07563e-53 -1.86803e-53 4.49086e-54 -1.12695e-54 3.12371e-55 -1.21871e-58 
5293.07 3.89446e+06 -1.89023e+06 546818 -164268 51240 -16586.8 5574.6 -1941.2 702.957 -262.266 102.779 -40.5625 17.5552 -7.02668 3.58899 -1.28713 0.915231 -0.213348 0.294259 -0.0162918 0.107609 0.00482987 0.0335434 -0.00369595 0.000354946 -3.23713e-05 2.83161e-06 -2.37861e-07 1.91903e-08 -1.48708e-09 1.1071e-10 -7.92233e-12 5.45372e-13 -3.61636e-14 2.31429e-15 -1.43317e-16 8.6203e-18 -5.06116e-19 2.91937e-20 -1.66785e-21 9.52891e-23 -5.5033e-24 3.24841e-25 -1.97952e-26 1.25541e-27 -8.33164e-29 5.80369e-30 -4.24829e-31 3.26799e-32 -2.64049e-33 2.23934e-34 -1.99186e-35 1.85685e-36 -1.81288e-37 1.85242e-38 -1.97977e-39 2.21173e-40 -2.58134e-41 3.14573e-42 -4.00074e-43 5.30758e-44 -7.34165e-45 1.0584e-45 -1.58964e-46 2.48643e-47 -4.04889e-48 6.86184e-49 -1.20994e-49 2.21918e-50 -4.23269e-51 8.39352e-52 -1.73017e-52 3.70662e-53 -8.25178e-54 1.90877e-54 -4.58882e-55 1.15154e-55 -3.19185e-56 1.24529e-59 
18991.5 -2.4351e+06 1.18194e+06 -341907 102719 -32035.7 10374.2 -3483.49 1215.56 -438.109 165.167 -63.2967 26.1602 -10.3224 4.92804 -1.81163 1.1504 -0.300959 0.341145 -0.0302083 0.118036 0.00307391 0.0357198 -0.0040297 0.000401069 -3.80263e-05 3.4612e-06 -3.02656e-07 2.54219e-08 -2.05097e-09 1.58932e-10 -1.18322e-11 8.46697e-13 -5.82865e-14 3.86498e-15 -2.47339e-16 1.53169e-17 -9.21292e-19 5.40911e-20 -3.12007e-21 1.78251e-22 -1.0184e-23 5.88164e-25 -3.47173e-26 2.1156e-27 -1.34172e-28 8.90442e-30 -6.20268e-31 4.54035e-32 -3.49265e-33 2.82202e-34 -2.39329e-35 2.1288e-36 -1.98451e-37 1.93751e-38 -1.97977e-39 2.11588e-40 -2.36378e-41 2.7588e-42 -3.36199e-43 4.27579e-44 -5.67246e-45 7.84637e-46 -1.13117e-46 1.69892e-47 -2.65736e-48 4.32724e-49 -7.33358e-50 1.29312e-50 -2.37174e-51 4.52368e-52 -8.97055e-53 1.84912e-53 -3.96144e-54 8.81907e-55 -2.04e-55 4.90429e-56 -1.2307e-56 3.41128e-57 -1.33091e-60 
8742.91 1.48357e+06 -720061 208308 -62574.9 19520.5 -6317.78 2124.23 -738.975 268.19 -99.5822 39.4142 -15.2426 6.85327 -2.54735 1.46595 -0.417332 0.399884 -0.0479459 0.130324 0.000886456 0.0381799 -0.00441387 0.000455381 -4.48769e-05 4.24923e-06 -3.86691e-07 3.3812e-08 -2.84006e-09 2.29127e-10 -1.77553e-11 1.32185e-12 -9.45901e-14 6.51157e-15 -4.31782e-16 2.76318e-17 -1.71116e-18 1.02924e-19 -6.04287e-21 3.48563e-22 -1.99135e-23 1.13772e-24 -6.57077e-26 3.8785e-27 -2.36348e-28 1.49892e-29 -9.94771e-31 6.92942e-32 -5.07232e-33 3.90187e-34 -3.15266e-35 2.6737e-36 -2.37822e-37 2.21702e-38 -2.16452e-39 2.21173e-40 -2.36378e-41 2.64074e-42 -3.08204e-43 3.7559e-44 -4.77676e-45 6.33707e-46 -8.7657e-47 1.2637e-47 -1.89798e-48 2.96872e-49 -4.83424e-50 8.19282e-51 -1.44463e-51 2.64963e-52 -5.0537e-53 1.00216e-53 -2.06577e-54 4.42559e-55 -9.85236e-56 2.27902e-56 -5.47891e-57 1.3749e-57 -3.81096e-58 1.48684e-61 
13265.2 -880444 427354 -123620 37141.1 -11582.1 3751.75 -1258.92 439.978 -158.032 60.0174 -22.6489 9.64584 -3.58647 1.89305 -0.572671 0.474085 -0.0706037 0.144905 -0.00183488 0.0409749 -0.00485796 0.000519566 -5.32023e-05 5.23838e-06 -4.95945e-07 4.51314e-08 -3.94624e-09 3.31467e-10 -2.67417e-11 2.07225e-12 -1.54275e-13 1.10397e-14 -7.59974e-16 5.03939e-17 -3.22495e-18 1.99711e-19 -1.20123e-20 7.05271e-22 -4.06813e-23 2.32414e-24 -1.32785e-25 7.66883e-27 -4.52665e-28 2.75845e-29 -1.74941e-30 1.16101e-31 -8.08743e-33 5.91998e-34 -4.55393e-35 3.67952e-36 -3.12052e-37 2.77565e-38 -2.58752e-39 2.52624e-40 -2.58134e-41 2.7588e-42 -3.08204e-43 3.59709e-44 -4.38357e-45 5.57502e-46 -7.39609e-47 1.02306e-47 -1.47488e-48 2.21516e-49 -3.46483e-50 5.64211e-51 -9.56195e-52 1.68605e-52 -3.09241e-53 5.89824e-54 -1.16963e-54 2.41099e-55 -5.16516e-56 1.14988e-56 -2.65987e-57 6.39451e-58 -1.60466e-58 4.44783e-59 -1.73531e-62 
9048.27 508974 -247027 71465.9 -21466.1 6697.83 -2166.71 729.31 -253.086 92.3495 -33.8938 13.7334 -5.065 2.4763 -0.781199 0.568627 -0.0996402 0.162334 -0.00522109 0.0441686 -0.0053738 0.000595734 -6.33574e-05 6.48396e-06 -6.38378e-07 6.0438e-08 -5.4999e-09 4.80906e-10 -4.03939e-11 3.25886e-12 -2.52533e-13 1.88005e-14 -1.34535e-15 9.26136e-17 -6.14121e-18 3.93005e-19 -2.43377e-20 1.46387e-21 -8.59472e-23 4.95759e-24 -2.83229e-25 1.61817e-26 -9.34555e-28 5.51637e-29 -3.36156e-30 2.1319e-31 -1.41486e-32 9.85567e-34 -7.21433e-35 5.5496e-36 -4.48401e-37 3.80279e-38 -3.38252e-39 3.15326e-40 -3.07858e-41 3.14573e-42 -3.36199e-43 3.7559e-44 -4.38357e-45 5.34199e-46 -6.79395e-47 9.01318e-48 -1.24674e-48 1.79735e-49 -2.69948e-50 4.22238e-51 -6.87571e-52 1.16526e-52 -2.05469e-53 3.76854e-54 -7.18784e-55 1.42536e-55 -2.93813e-56 6.29448e-57 -1.40129e-57 3.24143e-58 -7.79261e-59 1.95551e-59 -5.4203e-60 2.11472e-63 
9999.47 -286533 139086 -40230.5 12088.9 -3768.5 1221.67 -409.207 143.586 -51.1232 19.7729 -7.18562 3.28014 -1.06292 0.690167 -0.137007 0.183332 -0.00944111 0.0478409 -0.00597621 0.000686547 -7.57959e-05 8.05813e-06 -8.24634e-07 8.11889e-08 -7.68651e-09 6.99477e-10 -6.11616e-11 5.1373e-12 -4.14462e-13 3.21171e-14 -2.39105e-15 1.71101e-16 -1.17786e-17 7.81039e-19 -4.99825e-20 3.09526e-21 -1.86176e-22 1.09308e-23 -6.30507e-25 3.60211e-26 -2.05799e-27 1.18857e-28 -7.01572e-30 4.27523e-31 -2.71135e-32 1.79941e-33 -1.25344e-34 9.17519e-36 -7.05799e-37 5.70277e-38 -4.83639e-39 4.3019e-40 -4.01032e-41 3.91534e-42 -4.00074e-43 4.27579e-44 -4.77676e-45 5.57502e-46 -6.79395e-47 8.64055e-48 -1.1463e-48 1.5856e-49 -2.28587e-50 3.4332e-51 -5.37003e-52 8.74453e-53 -1.48198e-53 2.61316e-54 -4.79284e-55 9.1415e-56 -1.81278e-56 3.73671e-57 -8.00532e-58 1.78217e-58 -4.12245e-59 9.91064e-60 -2.48701e-60 6.89355e-61 -2.68951e-64 
8096.51 157135 -76257.6 22064.4 -6625.76 2068.54 -668.289 225.611 -77.7757 28.7838 -10.2534 4.39865 -1.44626 0.847891 -0.185343 0.208846 -0.0147149 0.0520926 -0.00668393 0.000795396 -9.11027e-05 1.00557e-05 -1.06903e-06 1.094e-07 -1.07709e-08 1.01973e-09 -9.2796e-11 8.11399e-12 -6.81539e-13 5.49845e-14 -4.26081e-15 3.17208e-16 -2.26991e-17 1.5626e-18 -1.03616e-19 6.63091e-21 -4.10632e-22 2.46989e-23 -1.45013e-24 8.3646e-26 -4.77872e-27 2.73023e-28 -1.57681e-29 9.30738e-31 -5.67172e-32 3.59701e-33 -2.38719e-34 1.66288e-35 -1.21722e-36 9.36346e-38 -7.56556e-39 6.41619e-40 -5.7071e-41 5.32027e-42 -5.19428e-43 5.30758e-44 -5.67246e-45 6.33707e-46 -7.39609e-47 9.01318e-48 -1.1463e-48 1.52073e-49 -2.10354e-50 3.03255e-51 -4.55465e-52 7.12413e-53 -1.16009e-53 1.96606e-54 -3.46674e-55 6.3584e-56 -1.21275e-56 2.40492e-57 -4.9573e-58 1.06202e-58 -2.36431e-59 5.46904e-60 -1.31479e-60 3.29939e-61 -9.1453e-62 3.56803e-65 
7843.87 -83906.9 40735.5 -11780.2 3541.38 -1102.89 358.329 -119.424 42.366 -14.7323 5.97059 -1.97199 1.0546 -0.248245 0.240129 -0.0213315 0.0570527 -0.00752096 0.000926639 -0.000110038 1.26018e-05 -1.39094e-06 1.47873e-07 -1.51326e-08 1.48988e-09 -1.41053e-10 1.28359e-11 -1.12236e-12 9.42732e-14 -7.60567e-15 5.89373e-16 -4.38775e-17 3.13983e-18 -2.16146e-19 1.43326e-20 -9.17214e-22 5.68003e-23 -3.41646e-24 2.00588e-25 -1.15702e-26 6.61012e-28 -3.77656e-29 2.18111e-30 -1.28743e-31 7.84536e-33 -4.97553e-34 3.30205e-35 -2.30016e-36 1.68371e-37 -1.29519e-38 1.0465e-39 -8.87513e-41 7.89429e-42 -7.35922e-43 7.18493e-44 -7.34165e-45 7.84637e-46 -8.7657e-47 1.02306e-47 -1.24674e-48 1.5856e-49 -2.10354e-50 2.9097e-51 -4.19474e-52 6.30017e-53 -9.85439e-54 1.60468e-54 -2.71953e-55 4.79533e-56 -8.7952e-57 1.67753e-57 -3.32658e-58 6.85714e-59 -1.46903e-59 3.2704e-60 -7.56499e-61 1.81867e-61 -4.56385e-62 1.26502e-62 -4.93544e-66 
6772.7 43670.2 -21187.4 6132.64 -1840.17 575.474 -185.207 63.0598 -21.3366 8.20322 -2.69933 1.32836 -0.33068 0.278868 -0.0296752 0.0628881 -0.00851831 0.00108594 -0.000133599 1.58637e-05 -1.81674e-06 2.00524e-07 -2.1318e-08 2.18158e-09 -2.14787e-10 2.03348e-11 -1.85048e-12 1.61804e-13 -1.35908e-14 1.09647e-15 -8.49665e-17 6.32557e-18 -4.52652e-19 3.11605e-20 -2.06625e-21 1.32229e-22 -8.18857e-24 4.92531e-25 -2.89176e-26 1.66802e-27 -9.52944e-29 5.44446e-30 -3.14438e-31 1.85602e-32 -1.13102e-33 7.17293e-35 -4.76038e-36 3.31601e-37 -2.42731e-38 1.8672e-39 -1.50868e-40 1.27948e-41 -1.13807e-42 1.06094e-43 -1.03581e-44 1.0584e-45 -1.13117e-46 1.2637e-47 -1.47488e-48 1.79735e-49 -2.28587e-50 3.03255e-51 -4.19474e-52 6.04732e-53 -9.08259e-54 1.42065e-54 -2.31338e-55 3.9206e-56 -6.91315e-57 1.26795e-57 -2.4184e-58 4.79574e-59 -9.88554e-60 2.11782e-60 -4.71475e-61 1.0906e-61 -2.62188e-62 6.57944e-63 -1.8237e-63 7.11514e-67 
6197.83 -22125.9 10747 -3105.82 934.957 -290.296 94.9508 -31.1792 11.4099 -3.71525 1.69501 -0.439584 0.327357 -0.0402625 0.0698173 -0.00971656 0.00128071 -0.000163107 2.00656e-05 -2.3826e-06 2.72859e-07 -3.01171e-08 3.20179e-09 -3.27657e-10 3.22593e-11 -3.05413e-12 2.77927e-13 -2.43017e-14 2.04123e-15 -1.64681e-16 1.27613e-17 -9.50051e-19 6.79847e-20 -4.68006e-21 3.10335e-22 -1.98598e-23 1.22986e-24 -7.39742e-26 4.34319e-27 -2.50523e-28 1.43125e-29 -8.17714e-31 4.72261e-32 -2.7876e-33 1.6987e-34 -1.07732e-35 7.14972e-37 -4.98038e-38 3.64563e-39 -2.80439e-40 2.26591e-41 -1.92167e-42 1.7093e-43 -1.59344e-44 1.55571e-45 -1.58964e-46 1.69892e-47 -1.89798e-48 2.21516e-49 -2.69948e-50 3.4332e-51 -4.55465e-52 6.30017e-53 -9.08259e-54 1.36413e-54 -2.1337e-55 3.47451e-56 -5.88843e-57 1.0383e-57 -1.90437e-58 3.63224e-59 -7.20282e-60 1.48473e-60 -3.1808e-61 7.08119e-62 -1.638e-62 3.93785e-63 -9.8818e-64 2.73905e-64 -1.06864e-67 
5433.4 10945.2 -5305.56 1537.55 -460.219 144.7 -46.0176 16.0712 -5.14934 2.19197 -0.584775 0.388765 -0.0537971 0.0781316 -0.0111695 0.00152085 -0.000200327 2.55123e-05 -3.13856e-06 3.72673e-07 -4.26792e-08 4.71076e-09 -5.00807e-10 5.12503e-11 -5.04582e-12 4.7771e-13 -4.34719e-14 3.80114e-15 -3.19279e-16 2.57585e-17 -1.99605e-18 1.48602e-19 -1.06338e-20 7.3203e-22 -4.85409e-23 3.10637e-24 -1.92368e-25 1.15707e-26 -6.79338e-28 3.91854e-29 -2.23868e-30 1.27902e-31 -7.38685e-33 4.36021e-34 -2.65702e-35 1.68508e-36 -1.11832e-37 7.79005e-39 -5.7023e-40 4.38648e-41 -3.54422e-42 3.00578e-43 -2.67359e-44 2.49238e-45 -2.43335e-46 2.48643e-47 -2.65736e-48 2.96872e-49 -3.46483e-50 4.22238e-51 -5.37003e-52 7.12413e-53 -9.85439e-54 1.42065e-54 -2.1337e-55 3.33743e-56 -5.43465e-57 9.21036e-58 -1.62405e-58 2.97871e-59 -5.68136e-60 1.12663e-60 -2.32234e-61 4.97524e-62 -1.1076e-62 2.56207e-63 -6.15938e-64 1.54566e-64 -4.28428e-65 1.67151e-68 
4825.24 -5264.45 2561.28 -738.536 223.33 -68.6675 22.9353 -7.19734 2.87443 -0.780346 0.467543 -0.0712514 0.0882243 -0.0129497 0.00181963 -0.000247657 3.26212e-05 -4.15441e-06 5.11081e-07 -6.06859e-08 6.94986e-09 -7.67097e-10 8.15512e-11 -8.34558e-12 8.2166e-13 -7.77901e-14 7.07895e-15 -6.18976e-16 5.19912e-17 -4.19449e-18 3.25036e-19 -2.41983e-20 1.7316e-21 -1.19203e-22 7.90438e-24 -5.05839e-25 3.13251e-26 -1.88416e-27 1.10623e-28 -6.38094e-30 3.64545e-31 -2.08276e-32 1.20287e-33 -7.10014e-35 4.32668e-36 -2.74398e-37 1.82107e-38 -1.26853e-39 9.2856e-41 -7.14292e-42 5.77139e-43 -4.89459e-44 4.35366e-45 -4.05857e-46 3.96246e-47 -4.04889e-48 4.32724e-49 -4.83424e-50 5.64211e-51 -6.87571e-52 8.74453e-53 -1.16009e-53 1.60468e-54 -2.31338e-55 3.47451e-56 -5.43465e-57 8.84976e-58 -1.49981e-58 2.6446e-59 -4.85051e-60 9.2515e-61 -1.83459e-61 3.78168e-62 -8.10166e-63 1.80361e-63 -4.17206e-64 1.00299e-64 -2.51694e-65 6.9765e-66 -2.72187e-69 
4200.73 2484.57 -1200.63 349.4 -103.71 33.1874 -10.1598 3.8251 -1.04686 0.570056 -0.0939902 0.100638 -0.0151563 0.00219524 -0.000308383 4.19716e-05 -5.52848e-06 7.04067e-07 -8.66154e-08 1.02847e-08 -1.17783e-09 1.30004e-10 -1.38209e-11 1.41437e-12 -1.39251e-13 1.31835e-14 -1.1997e-15 1.04901e-16 -8.8112e-18 7.10861e-19 -5.50855e-20 4.101e-21 -2.93463e-22 2.0202e-23 -1.33959e-24 8.5727e-26 -5.30882e-27 3.19318e-28 -1.87478e-29 1.08141e-30 -6.17812e-32 3.52975e-33 -2.03856e-34 1.20329e-35 -7.33263e-37 4.65036e-38 -3.08625e-39 2.14984e-40 -1.57368e-41 1.21055e-42 -9.78106e-44 8.2951e-45 -7.37836e-46 6.87826e-47 -6.71537e-48 6.86184e-49 -7.33358e-50 8.19282e-51 -9.56195e-52 1.16526e-52 -1.48198e-53 1.96606e-54 -2.71953e-55 3.9206e-56 -5.88843e-57 9.21036e-58 -1.49981e-58 2.5418e-59 -4.48193e-60 8.22039e-61 -1.5679e-61 3.10917e-62 -6.409e-63 1.37303e-63 -3.05667e-64 7.07059e-65 -1.69982e-65 4.26558e-66 -1.18234e-66 4.61289e-70 
3641.75 -1133.65 554.808 -158.719 48.7425 -14.5059 5.17059 -1.41483 0.705607 -0.123963 0.116134 -0.0179276 0.00267292 -0.000387085 5.43769e-05 -7.40082e-06 9.74831e-07 -1.24148e-07 1.52728e-08 -1.8135e-09 2.07685e-10 -2.29234e-11 2.43702e-12 -2.49394e-13 2.45539e-14 -2.32463e-15 2.11543e-16 -1.84971e-17 1.55367e-18 -1.25345e-19 9.71317e-21 -7.23125e-22 5.17461e-23 -3.5622e-24 2.36209e-25 -1.51162e-26 9.36099e-28 -5.6305e-29 3.30579e-30 -1.90684e-31 1.08938e-32 -6.22397e-34 3.59458e-35 -2.12176e-36 1.29296e-37 -8.19993e-39 5.44196e-40 -3.79079e-41 2.77485e-42 -2.13454e-43 1.72469e-44 -1.46267e-45 1.30102e-46 -1.21284e-47 1.18411e-48 -1.20994e-49 1.29312e-50 -1.44463e-51 1.68605e-52 -2.05469e-53 2.61316e-54 -3.46674e-55 4.79533e-56 -6.91315e-57 1.0383e-57 -1.62405e-58 2.6446e-59 -4.48193e-60 7.90295e-61 -1.44949e-61 2.76466e-62 -5.48237e-63 1.13009e-63 -2.42105e-64 5.3898e-65 -1.24675e-65 2.99727e-66 -7.52146e-67 2.08481e-67 -8.13386e-71 
3108.59 515.62 -246.378 72.7703 -20.9815 7.1093 -1.93041 0.888118 -0.164006 0.135813 -0.0214606 0.00328843 -0.000490246 7.0996e-05 -9.97337e-06 1.3574e-06 -1.78795e-07 2.27701e-08 -2.80121e-09 3.32617e-10 -3.80919e-11 4.20442e-12 -4.46978e-13 4.57417e-14 -4.50348e-15 4.26364e-16 -3.87994e-17 3.39258e-18 -2.84962e-19 2.29898e-20 -1.78151e-21 1.3263e-22 -9.49084e-24 6.53348e-25 -4.33235e-26 2.77248e-27 -1.71691e-28 1.0327e-29 -6.0632e-31 3.49736e-32 -1.99806e-33 1.14155e-34 -6.59288e-36 3.89155e-37 -2.37143e-38 1.50396e-39 -9.98119e-41 6.95274e-42 -5.08939e-43 3.915e-44 -3.16327e-45 2.6827e-46 -2.38622e-47 2.22449e-48 -2.1718e-49 2.21918e-50 -2.37174e-51 2.64963e-52 -3.09241e-53 3.76854e-54 -4.79284e-55 6.3584e-56 -8.7952e-57 1.26795e-57 -1.90437e-58 2.97871e-59 -4.85051e-60 8.22039e-61 -1.44949e-61 2.65854e-62 -5.0707e-63 1.00553e-63 -2.07272e-64 4.44048e-65 -9.88552e-66 2.28669e-66 -5.49734e-67 1.37952e-67 -3.82379e-68 1.49185e-71 
2618.65 -221.397 110.714 -30.7902 9.96162 -2.66473 1.13905 -0.218336 0.161299 -0.0260421 0.00409342 -0.000627211 9.35059e-05 -1.35412e-05 1.90225e-06 -2.589e-07 3.41021e-08 -4.343e-09 5.34282e-10 -6.34408e-11 7.26535e-12 -8.0192e-13 8.52533e-14 -8.72443e-15 8.5896e-16 -8.13214e-17 7.4003e-18 -6.47075e-19 5.43514e-20 -4.38491e-21 3.39792e-22 -2.52968e-23 1.81021e-24 -1.24615e-25 8.26321e-27 -5.28802e-28 3.27471e-29 -1.96969e-30 1.15645e-31 -6.67061e-33 3.81094e-34 -2.17731e-35 1.25748e-36 -7.42246e-38 4.52309e-39 -2.86855e-40 1.90374e-41 -1.32611e-42 9.70713e-44 -7.46718e-45 6.03339e-46 -5.11679e-47 4.5513e-48 -4.24282e-49 4.14234e-50 -4.23269e-51 4.52368e-52 -5.0537e-53 5.89824e-54 -7.18784e-55 9.1415e-56 -1.21275e-56 1.67753e-57 -2.4184e-58 3.63224e-59 -5.68136e-60 9.2515e-61 -1.5679e-61 2.76466e-62 -5.0707e-63 9.67148e-64 -1.91788e-64 3.95335e-65 -8.46944e-66 1.88549e-66 -4.36145e-67 1.04852e-67 -2.6312e-68 7.29321e-69 -2.84543e-72 
2163.51 100.008 -45.8714 14.2669 -3.72939 1.49269 -0.29336 0.195084 -0.0321027 0.00516434 -0.000811734 0.000124377 -1.85424e-05 2.68526e-06 -3.77219e-07 5.13404e-08 -6.76252e-09 8.61226e-10 -1.05949e-10 1.25805e-11 -1.44074e-12 1.59022e-13 -1.69059e-14 1.73007e-15 -1.70334e-16 1.61262e-17 -1.4675e-18 1.28316e-19 -1.0778e-20 8.69537e-22 -6.73814e-23 5.0164e-24 -3.58969e-25 2.47114e-26 -1.63861e-27 1.04863e-28 -6.49383e-30 3.90594e-31 -2.29326e-32 1.3228e-33 -7.55718e-35 4.31765e-36 -2.4936e-37 1.47189e-38 -8.96939e-40 5.68839e-41 -3.77515e-42 2.62971e-43 -1.92494e-44 1.48076e-45 -1.19643e-46 1.01467e-47 -9.02533e-49 8.4136e-50 -8.21434e-51 8.39352e-52 -8.97055e-53 1.00216e-53 -1.16963e-54 1.42536e-55 -1.81278e-56 2.40492e-57 -3.32658e-58 4.79574e-59 -7.20282e-60 1.12663e-60 -1.83459e-61 3.10917e-62 -5.48237e-63 1.00553e-63 -1.91788e-64 3.80319e-65 -7.83959e-66 1.67951e-66 -3.73897e-67 8.64885e-68 -2.07924e-68 5.21773e-69 -1.44626e-69 5.64256e-73 
1746.65 -38.8871 21.0067 -5.3002 2.00655 -0.399031 0.241135 -0.0403089 0.00661747 -0.00106453 0.000167324 -2.56381e-05 3.82218e-06 -5.53517e-07 7.7757e-08 -1.05829e-08 1.39397e-09 -1.77526e-10 2.18395e-11 -2.59323e-12 2.96982e-13 -3.27796e-14 3.48485e-15 -3.56624e-16 3.51112e-17 -3.32413e-18 3.02498e-19 -2.64501e-20 2.22169e-21 -1.79239e-22 1.38895e-23 -1.03404e-24 7.3995e-26 -5.0938e-27 3.3777e-28 -2.16155e-29 1.33859e-30 -8.0514e-32 4.72715e-33 -2.7267e-34 1.55778e-35 -8.90005e-37 5.14011e-38 -3.03403e-39 1.84888e-40 -1.17256e-41 7.78179e-43 -5.42068e-44 3.96793e-45 -3.05232e-46 2.46623e-47 -2.09156e-48 1.86041e-49 -1.73431e-50 1.69324e-51 -1.73017e-52 1.84912e-53 -2.06577e-54 2.41099e-55 -2.93813e-56 3.73671e-57 -4.9573e-58 6.85714e-59 -9.88554e-60 1.48473e-60 -2.32234e-61 3.78168e-62 -6.409e-63 1.13009e-63 -2.07272e-64 3.95335e-65 -7.83959e-66 1.61599e-66 -3.462e-67 7.7072e-68 -1.7828e-68 4.28598e-69 -1.07554e-69 2.9812e-70 -1.16311e-73 
1366.69 19.1161 -7.63463 2.78453 -0.55105 0.30611 -0.0517353 0.00863559 -0.00141769 0.00022806 -3.58466e-05 5.49257e-06 -8.18843e-07 1.18582e-07 -1.66582e-08 2.26722e-09 -2.98637e-10 3.80322e-11 -4.67878e-12 5.55559e-13 -6.36236e-14 7.02252e-15 -7.46574e-16 7.6401e-17 -7.52202e-18 7.12142e-19 -6.48054e-20 5.66652e-21 -4.75962e-22 3.83992e-23 -2.9756e-24 2.21527e-25 -1.58523e-26 1.09127e-27 -7.2362e-29 4.63079e-30 -2.86771e-31 1.72489e-32 -1.01272e-33 5.84154e-35 -3.33729e-36 1.90669e-37 -1.10119e-38 6.49994e-40 -3.96093e-41 2.51202e-42 -1.66713e-43 1.1613e-44 -8.50066e-46 6.53911e-47 -5.28352e-48 4.48083e-49 -3.98563e-50 3.71549e-51 -3.6275e-52 3.70662e-53 -3.96144e-54 4.42559e-55 -5.16516e-56 6.29448e-57 -8.00532e-58 1.06202e-58 -1.46903e-59 2.11782e-60 -3.1808e-61 4.97524e-62 -8.10166e-63 1.37303e-63 -2.42105e-64 4.44048e-65 -8.46944e-66 1.67951e-66 -3.462e-67 7.4168e-68 -1.65115e-68 3.81938e-69 -9.18204e-70 2.30418e-70 -6.38675e-71 2.49178e-74 
1024.99 -5.84957 4.04328 -0.773786 0.401975 -0.0682042 0.0115175 -0.00192248 0.00031561 -5.07713e-05 7.98027e-06 -1.22277e-06 1.82293e-07 -2.63991e-08 3.70849e-09 -5.04734e-10 6.64833e-11 -8.46683e-12 1.0416e-12 -1.2368e-13 1.41641e-14 -1.56337e-15 1.66204e-16 -1.70086e-17 1.67457e-18 -1.58539e-19 1.44271e-20 -1.2615e-21 1.0596e-22 -8.54853e-24 6.62436e-25 -4.93169e-26 3.52907e-27 -2.42941e-28 1.61094e-29 -1.03092e-30 6.38417e-32 -3.83999e-33 2.25454e-34 -1.30046e-35 7.42957e-37 -4.24474e-38 2.45149e-39 -1.44703e-40 8.81792e-42 -5.59233e-43 3.7114e-44 -2.58531e-45 1.89244e-46 -1.45575e-47 1.17623e-48 -9.97535e-50 8.87292e-51 -8.27152e-52 8.07563e-53 -8.25178e-54 8.81907e-55 -9.85236e-56 1.14988e-56 -1.40129e-57 1.78217e-58 -2.36431e-59 3.2704e-60 -4.71475e-61 7.08119e-62 -1.1076e-62 1.80361e-63 -3.05667e-64 5.3898e-65 -9.88552e-66 1.88549e-66 -3.73897e-67 7.7072e-68 -1.65115e-68 3.67583e-69 -8.5028e-70 2.04413e-70 -5.12962e-71 1.42184e-71 -5.54727e-75 
722.085 3.94262 -1.09738 0.55253 -0.0930237 0.0157768 -0.00266418 0.000444701 -7.30058e-05 1.17442e-05 -1.84597e-06 2.82847e-07 -4.21674e-08 6.10656e-09 -8.57837e-10 1.16753e-10 -1.53787e-11 1.95852e-12 -2.4094e-13 2.86093e-14 -3.27638e-15 3.61634e-16 -3.84458e-17 3.93437e-18 -3.87356e-19 3.66727e-20 -3.33724e-21 2.91805e-22 -2.45103e-23 1.97742e-24 -1.53232e-25 1.14078e-26 -8.16333e-28 5.61963e-29 -3.72638e-30 2.38469e-31 -1.47677e-32 8.88253e-34 -5.21513e-35 3.00818e-36 -1.71858e-37 9.81878e-39 -5.67072e-40 3.34723e-41 -2.03973e-42 1.2936e-43 -8.58509e-45 5.98025e-46 -4.37753e-47 3.3674e-48 -2.72082e-49 2.30747e-50 -2.05246e-51 1.91334e-52 -1.86803e-53 1.90877e-54 -2.04e-55 2.27902e-56 -2.65987e-57 3.24143e-58 -4.12245e-59 5.46904e-60 -7.56499e-61 1.0906e-61 -1.638e-62 2.56207e-63 -4.17206e-64 7.07059e-65 -1.24675e-65 2.28669e-66 -4.36145e-67 8.64885e-68 -1.7828e-68 3.81938e-69 -8.5028e-70 1.96684e-70 -4.72842e-71 1.18657e-71 -3.28894e-72 1.28318e-75 
461.108 -0.695143 0.814015 -0.132857 0.0223635 -0.00379284 0.000640487 -0.000106909 1.75511e-05 -2.8234e-06 4.43783e-07 -6.79984e-08 1.01373e-08 -1.46806e-09 2.0623e-10 -2.80683e-11 3.69714e-12 -4.70841e-13 5.79236e-14 -6.87786e-15 7.87665e-16 -8.69392e-17 9.24263e-18 -9.45849e-19 9.31231e-20 -8.81637e-21 8.02295e-22 -7.01519e-23 5.89245e-24 -4.75385e-25 3.68381e-26 -2.74252e-27 1.96252e-28 -1.351e-29 8.95846e-31 -5.73295e-32 3.55024e-33 -2.13542e-34 1.25375e-35 -7.23186e-37 4.13159e-38 -2.3605e-39 1.36328e-40 -8.04697e-42 4.90366e-43 -3.1099e-44 2.06391e-45 -1.43769e-46 1.05239e-47 -8.09546e-49 6.54103e-50 -5.5473e-51 4.93424e-52 -4.5998e-53 4.49086e-54 -4.58882e-55 4.90429e-56 -5.47891e-57 6.39451e-58 -7.79261e-59 9.91064e-60 -1.31479e-60 1.81867e-61 -2.62188e-62 3.93785e-63 -6.15938e-64 1.00299e-64 -1.69982e-65 2.99727e-66 -5.49734e-67 1.04852e-67 -2.07924e-68 4.28598e-69 -9.18204e-70 2.04413e-70 -4.72842e-71 1.13674e-71 -2.85259e-72 7.90684e-73 -3.08484e-76 
242.151 0.852225 -0.204286 0.0333398 -0.00561199 0.00095179 -0.000160726 2.68282e-05 -4.40434e-06 7.08514e-07 -1.11365e-07 1.70638e-08 -2.5439e-09 3.684e-10 -5.17521e-11 7.04357e-12 -9.27774e-13 1.18155e-13 -1.45356e-14 1.72596e-15 -1.9766e-16 2.18169e-17 -2.31938e-18 2.37355e-19 -2.33687e-20 2.21241e-21 -2.01331e-22 1.76042e-23 -1.47867e-24 1.19295e-25 -9.2443e-27 6.88218e-28 -4.92482e-29 3.39024e-30 -2.24807e-31 1.43865e-32 -8.90911e-34 5.3587e-35 -3.14621e-36 1.81479e-37 -1.0368e-38 5.92353e-40 -3.42106e-41 2.01934e-42 -1.23054e-43 7.8041e-45 -5.17926e-46 3.6078e-47 -2.6409e-48 2.0315e-49 -1.64143e-50 1.39206e-51 -1.23822e-52 1.15429e-53 -1.12695e-54 1.15154e-55 -1.2307e-56 1.3749e-57 -1.60466e-58 1.95551e-59 -2.48701e-60 3.29939e-61 -4.56385e-62 6.57944e-63 -9.8818e-64 1.54566e-64 -2.51694e-65 4.26558e-66 -7.52146e-67 1.37952e-67 -2.6312e-68 5.21773e-69 -1.07554e-69 2.30418e-70 -5.12962e-71 1.18657e-71 -2.85259e-72 7.15839e-73 -1.98417e-73 7.74122e-77 
82.7574 -0.237196 0.0566243 -0.00924117 0.00155554 -0.000263819 4.45504e-05 -7.43628e-06 1.2208e-06 -1.96387e-07 3.08682e-08 -4.72976e-09 7.05122e-10 -1.02114e-10 1.43447e-11 -1.95235e-12 2.57162e-13 -3.27503e-14 4.02899e-15 -4.78404e-16 5.47876e-17 -6.04723e-18 6.4289e-19 -6.57904e-20 6.47736e-21 -6.1324e-22 5.58052e-23 -4.87955e-24 4.09861e-25 -3.30663e-26 2.56235e-27 -1.90761e-28 1.36507e-29 -9.39712e-31 6.23123e-32 -3.98767e-33 2.46944e-34 -1.48533e-35 8.72072e-37 -5.03027e-38 2.87381e-39 -1.64189e-40 9.48255e-42 -5.59723e-43 3.41084e-44 -2.16315e-45 1.4356e-46 -1.00001e-47 7.32009e-49 -5.63096e-50 4.54975e-51 -3.85854e-52 3.43211e-53 -3.19948e-54 3.12371e-55 -3.19185e-56 3.41128e-57 -3.81096e-58 4.44783e-59 -5.4203e-60 6.89355e-61 -9.1453e-62 1.26502e-62 -1.8237e-63 2.73905e-64 -4.28428e-65 6.9765e-66 -1.18234e-66 2.08481e-67 -3.82379e-68 7.29321e-69 -1.44626e-69 2.9812e-70 -6.38675e-71 1.42184e-71 -3.28894e-72 7.90684e-73 -1.98417e-73 5.49976e-74 -2.14572e-77 
-0.032306 9.25417e-05 -2.20919e-05 3.60543e-06 -6.06891e-07 1.02928e-07 -1.73813e-08 2.90125e-09 -4.76294e-10 7.66201e-11 -1.20432e-11 1.84531e-12 -2.75102e-13 3.98395e-14 -5.59657e-15 7.61706e-16 -1.00331e-16 1.27775e-17 -1.5719e-18 1.86648e-19 -2.13753e-20 2.35932e-21 -2.50823e-22 2.5668e-23 -2.52713e-24 2.39255e-25 -2.17723e-26 1.90375e-27 -1.59907e-28 1.29008e-29 -9.99697e-31 7.44253e-32 -5.3258e-33 3.66627e-34 -2.43111e-35 1.55578e-36 -9.63449e-38 5.79501e-39 -3.40238e-40 1.96255e-41 -1.12121e-42 6.40582e-44 -3.6996e-45 2.18375e-46 -1.33073e-47 8.43951e-49 -5.60096e-50 3.90154e-51 -2.85592e-52 2.19691e-53 -1.77508e-54 1.5054e-55 -1.33903e-56 1.24827e-57 -1.21871e-58 1.24529e-59 -1.33091e-60 1.48684e-61 -1.73531e-62 2.11472e-63 -2.68951e-64 3.56803e-65 -4.93544e-66 7.11514e-67 -1.06864e-67 1.67151e-68 -2.72187e-69 4.61289e-70 -8.13386e-71 1.49185e-71 -2.84543e-72 5.64256e-73 -1.16311e-73 2.49178e-74 -5.54727e-75 1.28318e-75 -3.08484e-76 7.74122e-77 -2.14572e-77 8.37151e-81 
