x_degree: 2
y_degree: 2
num_x_ctrl_points: 100
num_y_ctrl_points: 100
x_knots: 0.02, 0.02, 0.02, 0.03, 0.04, 0.05, 0.06, 0.07, 0.08, 0.09, 0.1, 0.11, 0.12, 0.13, 0.14, 0.15, 0.16, 0.17, 0.18, 0.19, 0.2, 0.21, 0.22, 0.23, 0.24, 0.25, 0.26, 0.27, 0.28, 0.29, 0.3, 0.31, 0.32, 0.33, 0.34, 0.35, 0.36, 0.37, 0.38, 0.39, 0.4, 0.41, 0.42, 0.43, 0.44, 0.45, 0.46, 0.47, 0.48, 0.49, 0.5, 0.51, 0.52, 0.53, 0.54, 0.55, 0.56, 0.57, 0.58, 0.59, 0.6, 0.61, 0.62, 0.63, 0.64, 0.65, 0.66, 0.67, 0.68, 0.69, 0.7, 0.71, 0.72, 0.73, 0.74, 0.75, 0.76, 0.77, 0.78, 0.79, 0.8, 0.81, 0.82, 0.83, 0.84, 0.85, 0.86, 0.87, 0.88, 0.89, 0.9, 0.91, 0.92, 0.93, 0.94, 0.95, 0.96, 0.97, 0.98, 0.99
y_knots: 0.2, 0.2, 0.2, 0.218367, 0.236735, 0.255102, 0.273469, 0.291837, 0.310204, 0.328571, 0.346939, 0.365306, 0.383673, 0.402041, 0.420408, 0.438776, 0.457143, 0.47551, 0.493878, 0.512245, 0.530612, 0.54898, 0.567347, 0.585714, 0.604082, 0.622449, 0.640816, 0.659184, 0.677551, 0.695918, 0.714286, 0.732653, 0.75102, 0.769388, 0.787755, 0.806122, 0.82449, 0.842857, 0.861224, 0.879592, 0.897959, 0.916327, 0.934694, 0.953061, 0.971429, 0.989796, 1.00816, 1.02653, 1.0449, 1.06327, 1.08163, 1.1, 1.11837, 1.13673, 1.1551, 1.17347, 1.19184, 1.2102, 1.22857, 1.24694, 1.26531, 1.28367, 1.30204, 1.32041, 1.33878, 1.35714, 1.37551, 1.39388, 1.41224, 1.43061, 1.44898, 1.46735, 1.48571, 1.50408, 1.52245, 1.54082, 1.55918, 1.57755, 1.59592, 1.61429, 1.63265, 1.65102, 1.66939, 1.68776, 1.70612, 1.72449, 1.74286, 1.76122, 1.77959, 1.79796, 1.81633, 1.83469, 1.85306, 1.87143, 1.8898, 1.90816, 1.92653, 1.9449, 1.96327, 1.98163
coefficients: 
9.84869, -85.3345, 72.2542, -63.8007, 58.7706, -0.759473, 24.5146, 25.6154, 15.1557, 28.1142, 21.0757, 25.8123, 26.5494, 26.8598, 28.9713, 29.3946, 30.9885, 31.8929, 33.0629, 34.154, 35.1995, 36.3306, 37.3635, 38.4439, 39.4975, 40.5429, 41.5814, 42.6095, 43.6268, 44.6372, 45.637, 46.6199, 47.6102, 48.5757, 49.5312, 50.4753, 51.4079, 52.3288, 53.2378, 54.1347, 55.0194, 55.8916, 56.7512, 57.598, 58.4318, 59.2525, 60.0598, 60.8537, 61.634, 62.4006, 63.1533, 63.892, 64.6166, 65.3269, 66.0229, 66.7043, 67.3712, 68.0234, 68.6608, 69.2834, 69.891, 70.4836, 71.0609, 71.6247, 72.1714, 72.7034, 73.2199, 73.7211, 74.2068, 74.6772, 75.1321, 75.5717, 75.9914, 76.4016, 76.7936, 77.1713, 77.533, 77.8803, 78.1843, 78.5137, 78.8058, 79.0971, 79.3621, 79.6257, 79.8583, 80.0858, 80.2912, 80.4865, 80.6631, 80.8276, 80.9749, 81.1093, 81.2274, 81.3324, 81.4214, 81.4973, 81.5575, 81.6051, 81.6367, 81.6466
-0.903068, 7.82468, -6.6253, 5.85026, -5.50214, 271.099, 175.597, 187.92, 251.782, 210.996, 259.428, 255.202, 268.754, 284.127, 291.37, 306.06, 315.428, 327.776, 338.835, 350.14, 361.539, 372.441, 383.664, 394.554, 405.439, 416.231, 426.922, 437.523, 448.034, 458.433, 468.733, 478.959, 489, 498.995, 508.876, 518.646, 528.303, 537.843, 547.266, 556.569, 565.751, 574.809, 583.741, 592.547, 601.224, 609.77, 618.184, 626.465, 634.61, 642.619, 650.489, 658.221, 665.811, 673.26, 680.565, 687.726, 694.742, 701.611, 708.333, 714.906, 721.33, 727.604, 733.727, 739.692, 745.513, 751.178, 756.691, 762.05, 767.254, 772.303, 777.198, 781.935, 786.537, 790.957, 795.232, 799.345, 803.305, 807.105, 810.871, 814.3, 817.671, 820.821, 823.865, 826.692, 829.435, 831.978, 834.399, 836.645, 838.754, 840.699, 842.503, 844.148, 845.65, 846.997, 848.202, 849.253, 850.164, 850.923, 851.546, 851.781
5.98862, -51.8888, 43.9351, -38.7948, 35.6933, 102.284, 189.785, 200.02, 173.066, 221.438, 205.434, 227.293, 236.255, 243.813, 257.138, 264.999, 276.594, 285.936, 296.098, 305.969, 315.656, 325.579, 335.146, 344.824, 354.372, 363.85, 373.261, 382.591, 391.838, 401.014, 410.105, 419.09, 428.047, 436.869, 445.605, 454.247, 462.795, 471.248, 479.602, 487.858, 496.012, 504.064, 512.012, 519.854, 527.589, 535.216, 542.733, 550.138, 557.431, 564.611, 571.675, 578.623, 585.454, 592.166, 598.758, 605.231, 611.581, 617.809, 623.914, 629.894, 635.75, 641.479, 647.082, 652.562, 657.909, 663.129, 668.219, 673.18, 678.011, 682.712, 687.282, 691.722, 696.016, 700.197, 704.238, 708.152, 711.931, 715.582, 719.011, 722.439, 725.665, 728.805, 731.779, 734.665, 737.369, 739.974, 742.427, 744.764, 746.959, 749.034, 750.972, 752.787, 754.468, 756.026, 757.452, 758.756, 759.929, 760.982, 761.905, 762.308
3.17072, -27.4729, 23.2618, -20.5402, 18.8934, 65.3472, 111.791, 126.729, 162.69, 142.012, 169.693, 168.823, 177.587, 187.336, 192.672, 202.043, 208.524, 216.618, 224.009, 231.529, 239.096, 246.39, 253.854, 261.132, 268.402, 275.618, 282.773, 289.875, 296.923, 303.904, 310.826, 317.702, 324.472, 331.211, 337.882, 344.486, 351.022, 357.488, 363.884, 370.207, 376.457, 382.633, 388.733, 394.757, 400.703, 406.57, 412.357, 418.064, 423.688, 429.23, 434.688, 440.062, 445.35, 450.552, 455.666, 460.693, 465.631, 470.48, 475.239, 479.907, 484.484, 488.969, 493.362, 497.658, 501.865, 505.976, 509.994, 513.917, 517.744, 521.476, 525.112, 528.652, 532.106, 535.448, 538.7, 541.853, 544.909, 547.866, 550.792, 553.522, 556.208, 558.761, 561.244, 563.595, 565.887, 568.058, 570.149, 572.131, 574.025, 575.816, 577.517, 579.118, 580.627, 582.037, 583.356, 584.578, 585.709, 586.743, 587.689, 588.112
0.461094, -3.99518, 3.38279, -2.98699, 2.72923, 53.3129, 64.7322, 94.7747, 97.7238, 126.006, 116.319, 129.013, 134.085, 138.331, 145.988, 150.419, 157.061, 162.374, 168.176, 173.811, 179.34, 185.014, 190.481, 196.019, 201.485, 206.914, 212.309, 217.661, 222.969, 228.241, 233.468, 238.638, 243.797, 248.882, 253.922, 258.913, 263.854, 268.745, 273.585, 278.372, 283.106, 287.786, 292.411, 296.981, 301.493, 305.949, 310.347, 314.685, 318.964, 323.183, 327.341, 331.438, 335.472, 339.443, 343.351, 347.195, 350.974, 354.688, 358.337, 361.919, 365.435, 368.884, 372.265, 375.581, 378.825, 382.002, 385.109, 388.147, 391.115, 394.014, 396.842, 399.601, 402.28, 404.9, 407.444, 409.919, 412.322, 414.656, 416.865, 419.081, 421.184, 423.242, 425.209, 427.13, 428.95, 430.718, 432.402, 434.023, 435.567, 437.045, 438.448, 439.784, 441.046, 442.242, 443.364, 444.42, 445.404, 446.321, 447.167, 447.557
1.46341, -12.6798, 10.7362, -9.48009, 8.71955, 31.3316, 52.8814, 60.0541, 77.3419, 80.6356, 97.8897, 96.7799, 101.893, 107.641, 110.549, 116.063, 119.716, 124.413, 128.661, 132.998, 137.369, 141.569, 145.883, 150.083, 154.284, 158.455, 162.592, 166.701, 170.781, 174.825, 178.836, 182.824, 186.75, 190.663, 194.539, 198.379, 202.181, 205.947, 209.673, 213.361, 217.009, 220.617, 224.183, 227.708, 231.191, 234.631, 238.028, 241.381, 244.689, 247.953, 251.17, 254.342, 257.468, 260.546, 263.577, 266.56, 269.494, 272.38, 275.217, 278.004, 280.742, 283.429, 286.066, 288.649, 291.185, 293.668, 296.1, 298.479, 300.807, 303.082, 305.304, 307.473, 309.597, 311.657, 313.669, 315.625, 317.529, 319.378, 321.216, 322.937, 324.638, 326.263, 327.851, 329.363, 330.847, 332.26, 333.631, 334.941, 336.203, 337.407, 338.561, 339.659, 340.706, 341.698, 342.64, 343.527, 344.364, 345.146, 345.879, 346.218
0.638426, -5.53168, 4.68377, -4.13577, 3.79884, 25.9856, 36.707, 47.6132, 54.3217, 63.6186, 68.517, 77.5878, 80.553, 82.9464, 87.7458, 90.2745, 94.3665, 97.5255, 101.033, 104.427, 107.751, 111.181, 114.47, 117.814, 121.112, 124.389, 127.647, 130.881, 134.089, 137.277, 140.439, 143.567, 146.693, 149.774, 152.829, 155.856, 158.854, 161.824, 164.764, 167.674, 170.554, 173.402, 176.22, 179.005, 181.758, 184.478, 187.164, 189.817, 192.436, 195.02, 197.569, 200.082, 202.56, 205.002, 207.407, 209.776, 212.107, 214.401, 216.656, 218.874, 221.054, 223.195, 225.296, 227.361, 229.384, 231.367, 233.311, 235.215, 237.079, 238.902, 240.684, 242.427, 244.122, 245.784, 247.402, 248.98, 250.517, 252.013, 253.431, 254.862, 256.222, 257.56, 258.842, 260.101, 261.297, 262.465, 263.583, 264.665, 265.702, 266.7, 267.655, 268.571, 269.443, 270.277, 271.067, 271.819, 272.529, 273.2, 273.828, 274.123
0.615125, -5.32979, 4.51282, -3.98483, 3.66258, 19.3091, 28.9934, 35.9817, 42.6456, 48.0596, 53.8601, 58.4137, 63.8909, 67.6766, 69.2858, 72.9096, 75.1002, 78.1009, 80.7587, 83.4884, 86.2492, 88.8818, 91.6073, 94.2491, 96.8959, 99.5246, 102.133, 104.724, 107.297, 109.848, 112.38, 114.9, 117.377, 119.85, 122.3, 124.729, 127.135, 129.519, 131.879, 134.216, 136.529, 138.817, 141.081, 143.32, 145.533, 147.72, 149.881, 152.016, 154.123, 156.203, 158.256, 160.281, 162.278, 164.246, 166.186, 168.097, 169.978, 171.83, 173.652, 175.444, 177.206, 178.937, 180.638, 182.307, 183.946, 185.553, 187.13, 188.674, 190.187, 191.669, 193.118, 194.535, 195.925, 197.275, 198.596, 199.884, 201.139, 202.361, 203.583, 204.723, 205.857, 206.941, 208.004, 209.019, 210.019, 210.975, 211.906, 212.798, 213.662, 214.49, 215.288, 216.051, 216.784, 217.482, 218.15, 218.784, 219.387, 219.956, 220.496, 220.749
0.463808, -4.01869, 3.4027, -3.00458, 2.76125, 15.429, 22.8348, 28.605, 33.6758, 38.1329, 42.4717, 46.3759, 50.3571, 53.8796, 57.2505, 58.7172, 61.5111, 63.5184, 65.8246, 68.0381, 70.1967, 72.4493, 74.587, 76.7753, 78.9296, 81.0709, 83.2008, 85.315, 87.4128, 89.4988, 91.5686, 93.6148, 95.665, 97.6827, 99.6841, 101.668, 103.634, 105.582, 107.511, 109.421, 111.312, 113.183, 115.034, 116.866, 118.676, 120.467, 122.235, 123.983, 125.709, 127.413, 129.095, 130.755, 132.392, 134.006, 135.597, 137.165, 138.709, 140.23, 141.727, 143.199, 144.647, 146.071, 147.47, 148.846, 150.195, 151.519, 152.818, 154.092, 155.34, 156.562, 157.759, 158.93, 160.07, 161.191, 162.283, 163.35, 164.39, 165.406, 166.363, 167.34, 168.266, 169.183, 170.06, 170.927, 171.749, 172.557, 173.33, 174.082, 174.804, 175.503, 176.173, 176.818, 177.436, 178.029, 178.594, 179.135, 179.649, 180.138, 180.6, 180.819
0.385578, -3.34086, 2.82876, -2.4978, 2.29567, 12.4295, 18.5343, 23.0726, 27.3169, 30.7895, 34.4174, 37.393, 40.8376, 43.4076, 46.5504, 49.1902, 50.5205, 52.6081, 54.3803, 56.2233, 58.0992, 59.8599, 61.7115, 63.4895, 65.2769, 67.0521, 68.8131, 70.5631, 72.3023, 74.0254, 75.7361, 77.4409, 79.1121, 80.785, 82.4428, 84.0864, 85.7153, 87.3293, 88.9281, 90.5115, 92.0791, 93.6307, 95.1661, 96.685, 98.1872, 99.6724, 101.14, 102.591, 104.024, 105.439, 106.836, 108.214, 109.575, 110.916, 112.239, 113.542, 114.827, 116.091, 117.337, 118.562, 119.768, 120.954, 122.12, 123.265, 124.39, 125.494, 126.578, 127.641, 128.683, 129.704, 130.704, 131.682, 132.645, 133.579, 134.495, 135.388, 136.261, 137.11, 137.97, 138.762, 139.557, 140.313, 141.061, 141.771, 142.477, 143.151, 143.81, 144.442, 145.057, 145.646, 146.217, 146.764, 147.292, 147.796, 148.281, 148.742, 149.184, 149.603, 150.003, 150.191
0.317585, -2.75173, 2.32994, -2.05734, 1.89085, 10.2343, 15.263, 19.0097, 22.4767, 25.3782, 28.3111, 30.8067, 33.5655, 35.7786, 38.2413, 40.6224, 42.7237, 44.0404, 45.6669, 47.2024, 48.6855, 50.2693, 51.7397, 53.2664, 54.763, 56.2511, 57.7323, 59.2025, 60.6612, 62.1131, 63.5538, 64.976, 66.408, 67.8124, 69.2062, 70.5881, 71.9578, 73.3151, 74.6598, 75.9917, 77.3106, 78.6162, 79.9083, 81.1867, 82.4512, 83.7016, 84.9377, 86.1594, 87.3664, 88.5585, 89.7356, 90.8976, 92.0442, 93.1753, 94.2907, 95.3902, 96.4738, 97.5413, 98.5926, 99.6274, 100.646, 101.647, 102.632, 103.601, 104.552, 105.486, 106.403, 107.302, 108.185, 109.049, 109.897, 110.727, 111.539, 112.333, 113.11, 113.869, 114.61, 115.334, 116.008, 116.712, 117.372, 118.031, 118.659, 119.278, 119.873, 120.453, 121.014, 121.557, 122.082, 122.589, 123.078, 123.55, 124.003, 124.439, 124.856, 125.256, 125.638, 126.003, 126.35, 126.515
0.267133, -2.31459, 1.95981, -1.73051, 1.5905, 8.54821, 12.765, 15.8813, 18.7887, 21.1976, 23.6874, 25.7058, 28.0766, 29.8279, 32.0191, 33.8257, 35.8737, 37.4398, 38.6714, 39.9866, 41.3429, 42.5738, 43.9115, 45.1708, 46.4454, 47.7111, 48.9657, 50.2131, 51.4536, 52.6813, 53.9006, 55.119, 56.3051, 57.4992, 58.6823, 59.8555, 61.0185, 62.1711, 63.3131, 64.4442, 65.5645, 66.6735, 67.7713, 68.8575, 69.9321, 70.9948, 72.0455, 73.084, 74.1103, 75.124, 76.1251, 77.1135, 78.0889, 79.0513, 80.0006, 80.9365, 81.859, 82.7679, 83.6632, 84.5447, 85.4123, 86.2659, 87.1055, 87.9308, 88.7419, 89.5387, 90.321, 91.0888, 91.842, 92.5806, 93.3044, 94.0135, 94.7077, 95.387, 96.0515, 96.7009, 97.3354, 97.9538, 98.5919, 99.1636, 99.7477, 100.298, 100.847, 101.373, 101.888, 102.385, 102.87, 103.337, 103.79, 104.228, 104.651, 105.058, 105.451, 105.828, 106.191, 106.538, 106.871, 107.188, 107.491, 107.635
0.222691, -1.92952, 1.63376, -1.44261, 1.32584, 7.2541, 10.7862, 13.4569, 15.8843, 17.9509, 20.0219, 21.7853, 23.7084, 25.2848, 27.0005, 28.7272, 30.1718, 31.9541, 33.1608, 34.2735, 35.3254, 36.5061, 37.551, 38.6702, 39.7569, 40.8378, 41.9157, 42.9841, 44.046, 45.0992, 46.1483, 47.18, 48.2297, 49.2513, 50.2659, 51.2719, 52.2692, 53.2577, 54.2371, 55.2075, 56.1684, 57.12, 58.0618, 58.9939, 59.9161, 60.8282, 61.7301, 62.6217, 63.5027, 64.3732, 65.2329, 66.0818, 66.9197, 67.7465, 68.5621, 69.3664, 70.1593, 70.9407, 71.7104, 72.4685, 73.2147, 73.949, 74.6714, 75.3817, 76.0799, 76.7658, 77.4395, 78.1008, 78.7497, 79.3862, 80.0101, 80.6215, 81.2202, 81.8063, 82.3796, 82.9403, 83.4881, 84.0243, 84.5079, 85.0372, 85.5223, 86.0155, 86.4802, 86.9414, 87.384, 87.8172, 88.2351, 88.6418, 89.0343, 89.4149, 89.7819, 90.1366, 90.478, 90.8071, 91.1229, 91.4265, 91.7168, 91.9951, 92.2601, 92.3866
0.192006, -1.66365, 1.40864, -1.24383, 1.14317, 6.19795, 9.23443, 11.5021, 13.5983, 15.3389, 17.1394, 18.6151, 20.2988, 21.5863, 23.1289, 24.4917, 25.896, 27.1652, 28.6169, 29.5854, 30.6245, 31.4977, 32.5199, 33.4407, 34.387, 35.3262, 36.2551, 37.1804, 38.0994, 39.0119, 39.9178, 40.8171, 41.7094, 42.5948, 43.473, 44.3439, 45.2074, 46.0632, 46.9114, 47.7517, 48.584, 49.4081, 50.2239, 51.0314, 51.8304, 52.6207, 53.4022, 54.1749, 54.9386, 55.6931, 56.4385, 57.1745, 57.9011, 58.6182, 59.3256, 60.0234, 60.7113, 61.3893, 62.0574, 62.7154, 63.3633, 64.0009, 64.6283, 65.2453, 65.8519, 66.448, 67.0335, 67.6085, 68.1728, 68.7264, 69.2692, 69.8012, 70.3224, 70.8327, 71.3322, 71.8206, 72.2981, 72.7645, 73.2201, 73.6647, 74.0979, 74.5162, 74.9297, 75.3283, 75.7179, 76.0953, 76.4624, 76.8178, 77.1625, 77.4959, 77.8184, 78.1297, 78.4301, 78.7193, 78.9977, 79.265, 79.5216, 79.767, 80.0018, 80.1137
0.165819, -1.43675, 1.21652, -1.07419, 0.987258, 5.35229, 7.97253, 9.9322, 11.7337, 13.2499, 14.7833, 16.0818, 17.5066, 18.6522, 19.9289, 21.1768, 22.2777, 23.5476, 24.5242, 25.8262, 26.5637, 27.5062, 28.2516, 29.1118, 29.9285, 30.7418, 31.5555, 32.3608, 33.1609, 33.9556, 34.7445, 35.5277, 36.305, 37.0762, 37.8412, 38.5998, 39.352, 40.0977, 40.8367, 41.5688, 42.294, 43.0123, 43.7233, 44.427, 45.1234, 45.8123, 46.4936, 47.1672, 47.8331, 48.491, 49.141, 49.7829, 50.4166, 51.0421, 51.6593, 52.2681, 52.8684, 53.4601, 54.0431, 54.6175, 55.1831, 55.7398, 56.2876, 56.8265, 57.3563, 57.8771, 58.3887, 58.8912, 59.3843, 59.8683, 60.3429, 60.8082, 61.2641, 61.7105, 62.1473, 62.5749, 62.9929, 63.4014, 63.8003, 64.1893, 64.5692, 64.9443, 65.302, 65.6548, 65.9953, 66.3277, 66.6494, 66.9623, 67.265, 67.5585, 67.8421, 68.1164, 68.3809, 68.636, 68.8815, 69.1176, 69.3441, 69.5614, 69.7689, 69.8682
0.144428, -1.2514, 1.05958, -0.935613, 0.8599, 4.65853, 6.94101, 8.64382, 10.2164, 11.5279, 12.8683, 13.9885, 15.2451, 16.2186, 17.3568, 18.3964, 19.4208, 20.4198, 21.4414, 22.2931, 23.4279, 24.0154, 24.8553, 25.5355, 26.2617, 26.9815, 27.6896, 28.3973, 29.1, 29.7977, 30.4905, 31.1782, 31.8607, 32.538, 33.2099, 33.8762, 34.5369, 35.1919, 35.8411, 36.4843, 37.1215, 37.7524, 38.3772, 38.9956, 39.6076, 40.2131, 40.8119, 41.4041, 41.9895, 42.5679, 43.1394, 43.7039, 44.2612, 44.8114, 45.3543, 45.8898, 46.4179, 46.9386, 47.4517, 47.9572, 48.4551, 48.9452, 49.4276, 49.9021, 50.3688, 50.8275, 51.2783, 51.7211, 52.1558, 52.5824, 53.0008, 53.4112, 53.8133, 54.2071, 54.593, 54.9703, 55.3394, 55.7001, 56.0525, 56.397, 56.7325, 57.0534, 57.3761, 57.6842, 57.9874, 58.2804, 58.5662, 58.8427, 59.1115, 59.3714, 59.6233, 59.8666, 60.1017, 60.3283, 60.5468, 60.7568, 60.9588, 61.1522, 61.3377, 61.4262
0.12677, -1.0984, 0.930037, -0.821223, 0.754769, 4.08402, 6.08511, 7.57666, 8.95296, 10.1065, 11.2756, 12.2624, 13.3562, 14.2223, 15.2002, 16.134, 16.9934, 17.9247, 18.7294, 19.626, 20.3652, 21.346, 21.8353, 22.5357, 23.1642, 23.7915, 24.4248, 25.0484, 25.6681, 26.2839, 26.8953, 27.5023, 28.1047, 28.7024, 29.2954, 29.8836, 30.4668, 31.045, 31.6181, 32.1859, 32.7484, 33.3057, 33.8573, 34.4034, 34.9439, 35.4786, 36.0075, 36.5305, 37.0474, 37.5585, 38.0633, 38.562, 39.0545, 39.5406, 40.0204, 40.4937, 40.9605, 41.4207, 41.8743, 42.3212, 42.7614, 43.1948, 43.6214, 44.0412, 44.454, 44.8598, 45.2586, 45.6504, 46.0351, 46.4127, 46.7832, 47.1465, 47.5026, 47.8515, 48.1927, 48.5273, 48.8542, 49.174, 49.4864, 49.7909, 50.089, 50.3792, 50.6623, 50.9378, 51.2067, 51.4672, 51.7209, 51.9668, 52.2057, 52.437, 52.6611, 52.8777, 53.0871, 53.2891, 53.4839, 53.6712, 53.8514, 54.0242, 54.19, 54.2692
0.111242, -0.963862, 0.816119, -0.720633, 0.662309, 3.60679, 5.36473, 6.68757, 7.89588, 8.91594, 9.94655, 10.8136, 11.7809, 12.5414, 13.4104, 14.221, 14.9936, 15.7892, 16.5382, 17.2648, 18.0268, 18.691, 19.5041, 19.9852, 20.5604, 21.1284, 21.679, 22.2339, 22.7848, 23.3314, 23.8744, 24.4135, 24.9485, 25.4794, 26.0061, 26.5286, 27.0467, 27.5603, 28.0694, 28.5739, 29.0738, 29.5687, 30.0589, 30.5442, 31.0244, 31.4996, 31.9697, 32.4346, 32.8943, 33.3485, 33.7974, 34.2408, 34.6786, 35.1109, 35.5376, 35.9585, 36.3737, 36.7831, 37.1867, 37.5843, 37.976, 38.3617, 38.7414, 39.115, 39.4825, 39.8438, 40.199, 40.5479, 40.8907, 41.227, 41.5571, 41.8808, 42.1982, 42.5092, 42.8138, 43.1119, 43.4036, 43.6888, 43.9676, 44.2408, 44.5061, 44.7656, 45.0182, 45.2646, 45.5035, 45.7372, 45.9635, 46.1839, 46.3974, 46.6046, 46.8051, 46.9993, 47.1869, 47.3681, 47.5427, 47.711, 47.8727, 48.0283, 48.1771, 48.2485
0.0987884, -0.855957, 0.724754, -0.639958, 0.588165, 3.19991, 4.7602, 5.93252, 7.00428, 7.90874, 8.82248, 9.59197, 10.4474, 11.1242, 11.8929, 12.6143, 13.2931, 14.0047, 14.6568, 15.3189, 15.966, 16.6143, 17.2188, 17.8409, 18.3292, 18.8198, 19.3278, 19.821, 20.3115, 20.7993, 21.2836, 21.7643, 22.2415, 22.715, 23.1848, 23.6508, 24.1129, 24.5711, 25.0253, 25.4754, 25.9211, 26.363, 26.8004, 27.2334, 27.6619, 28.086, 28.5054, 28.9203, 29.3304, 29.7359, 30.1365, 30.5323, 30.9232, 31.3091, 31.69, 32.0659, 32.4366, 32.8022, 33.1626, 33.5178, 33.8676, 34.2122, 34.5514, 34.8852, 35.2135, 35.5364, 35.8538, 36.1657, 36.4719, 36.7726, 37.0678, 37.3572, 37.6411, 37.9192, 38.1917, 38.4585, 38.7195, 38.9748, 39.2244, 39.4668, 39.7055, 39.9373, 40.164, 40.3844, 40.6005, 40.8087, 41.0125, 41.2096, 41.4015, 41.5872, 41.7675, 41.9416, 42.1103, 42.273, 42.4302, 42.5813, 42.7271, 42.8668, 43.0013, 43.0654
0.0881337, -0.76364, 0.646587, -0.570937, 0.52473, 2.85358, 4.24474, 5.28972, 6.24554, 7.05032, 7.86612, 8.55048, 9.31296, 9.91539, 10.6017, 11.2444, 11.8474, 12.4827, 13.0595, 13.6563, 14.2193, 14.8186, 15.3235, 15.9456, 16.409, 16.873, 17.3021, 17.7463, 18.1868, 18.6232, 19.0569, 19.4876, 19.915, 20.3391, 20.76, 21.1774, 21.5914, 22.0019, 22.4088, 22.8119, 23.2116, 23.607, 23.9989, 24.3868, 24.7709, 25.1509, 25.5268, 25.8986, 26.2664, 26.6297, 26.9889, 27.3436, 27.694, 28.04, 28.3815, 28.7185, 29.0509, 29.3788, 29.7019, 30.0205, 30.3342, 30.6433, 30.9476, 31.247, 31.5416, 31.8313, 32.1161, 32.396, 32.6711, 32.941, 33.2059, 33.4658, 33.7207, 33.9704, 34.2152, 34.4548, 34.6892, 34.9186, 35.1428, 35.364, 35.5768, 35.7862, 35.9895, 36.1882, 36.3796, 36.5689, 36.7509, 36.9293, 37.1014, 37.2692, 37.4311, 37.5885, 37.7402, 37.8872, 38.0286, 38.1654, 38.2966, 38.4232, 38.5442, 38.6025
0.0793921, -0.687897, 0.582455, -0.514308, 0.472691, 2.55386, 3.80473, 4.73536, 5.59517, 6.31309, 7.04488, 7.65706, 8.33989, 8.87785, 9.49392, 10.0679, 10.6092, 11.1746, 11.6942, 12.2205, 12.7366, 13.2547, 13.7394, 14.2344, 14.7731, 15.1459, 15.5734, 15.9693, 16.3639, 16.7576, 17.148, 17.5356, 17.9204, 18.3022, 18.6811, 19.0569, 19.4297, 19.7992, 20.1656, 20.5287, 20.8881, 21.2451, 21.598, 21.9474, 22.2932, 22.6355, 22.9741, 23.3091, 23.64, 23.9674, 24.2909, 24.6105, 24.9262, 25.238, 25.5457, 25.8494, 26.149, 26.4445, 26.7358, 27.023, 27.3058, 27.5845, 27.8588, 28.1289, 28.3945, 28.6558, 28.9127, 29.1652, 29.413, 29.6566, 29.8957, 30.1302, 30.3603, 30.5858, 30.8067, 31.0231, 31.2348, 31.442, 31.6447, 31.8392, 32.0344, 32.222, 32.4067, 32.5857, 32.7636, 32.9317, 33.0986, 33.2584, 33.4154, 33.5664, 33.7139, 33.8558, 33.9939, 34.1267, 34.2555, 34.3791, 34.4988, 34.6132, 34.7239, 34.7764
0.0712594, -0.617431, 0.52279, -0.461624, 0.424267, 2.29838, 3.42118, 4.26002, 5.03156, 5.67788, 6.33433, 6.8862, 7.49868, 7.98284, 8.53523, 9.05345, 9.53878, 10.0469, 10.5124, 10.9881, 11.4467, 11.9213, 12.3387, 12.8194, 13.2309, 13.7194, 14.0338, 14.3975, 14.7564, 15.1102, 15.4623, 15.8119, 16.159, 16.5034, 16.8451, 17.1841, 17.5203, 17.8536, 18.1841, 18.5115, 18.8366, 19.1569, 19.4754, 19.7906, 20.1026, 20.4114, 20.7169, 21.0189, 21.3182, 21.6135, 21.9054, 22.1938, 22.4787, 22.76, 23.0378, 23.3118, 23.5822, 23.8489, 24.1118, 24.371, 24.6263, 24.8779, 25.1255, 25.3693, 25.6092, 25.8451, 26.0771, 26.305, 26.5295, 26.7493, 26.9653, 27.1771, 27.3849, 27.5886, 27.7883, 27.9837, 28.1751, 28.3623, 28.5453, 28.7299, 28.9016, 29.074, 29.2394, 29.4024, 29.5554, 29.7127, 29.8601, 30.0074, 30.1475, 30.2857, 30.4179, 30.5475, 30.6716, 30.7928, 30.9086, 31.0215, 31.1291, 31.2339, 31.3331, 31.3815
0.0641881, -0.556161, 0.470912, -0.415815, 0.382163, 2.07616, 3.08787, 3.84679, 4.54163, 5.12556, 5.71737, 6.21526, 6.76802, 7.20456, 7.70269, 8.17037, 8.60842, 9.06731, 9.48506, 9.91516, 10.3275, 10.7545, 11.1364, 11.5599, 11.9561, 12.3419, 12.742, 13.0608, 13.3812, 13.7043, 14.0238, 14.341, 14.6559, 14.9684, 15.2785, 15.5861, 15.8912, 16.1937, 16.4935, 16.7909, 17.085, 17.3786, 17.6674, 17.9536, 18.2368, 18.5172, 18.7946, 19.0689, 19.3402, 19.6085, 19.8736, 20.1355, 20.3943, 20.6498, 20.9021, 21.1511, 21.3967, 21.639, 21.878, 22.1135, 22.3455, 22.5742, 22.7993, 23.0209, 23.2389, 23.4535, 23.6643, 23.8717, 24.0746, 24.275, 24.4713, 24.6641, 24.8531, 25.0385, 25.2202, 25.3981, 25.5724, 25.7429, 25.9099, 26.0629, 26.2275, 26.3798, 26.5333, 26.68, 26.8249, 26.9647, 27.1016, 27.2341, 27.3633, 27.4883, 27.6099, 27.7275, 27.8415, 27.9516, 28.0581, 28.1607, 28.2598, 28.3549, 28.4466, 28.4905
0.0582804, -0.504973, 0.42757, -0.377544, 0.346992, 1.88034, 2.79794, 3.48401, 4.11341, 4.64271, 5.17771, 5.62938, 6.12933, 6.52455, 6.97491, 7.39866, 7.79542, 8.21005, 8.5896, 8.97699, 9.35128, 9.73614, 10.0832, 10.464, 10.8259, 11.1715, 11.5429, 11.8432, 12.1438, 12.4331, 12.723, 13.0109, 13.2966, 13.5802, 13.8616, 14.1408, 14.4176, 14.6921, 14.9644, 15.2339, 15.502, 15.7634, 16.026, 16.2856, 16.5426, 16.797, 17.0486, 17.2976, 17.5438, 17.7872, 18.0277, 18.2654, 18.5003, 18.7321, 18.9611, 19.187, 19.41, 19.6299, 19.8467, 20.0605, 20.2711, 20.4786, 20.6829, 20.8841, 21.082, 21.2767, 21.4683, 21.6564, 21.843, 22.0241, 22.2027, 22.3776, 22.5493, 22.7177, 22.8827, 23.0443, 23.2025, 23.3574, 23.5084, 23.6745, 23.8094, 23.9564, 24.091, 24.2276, 24.3574, 24.4859, 24.6096, 24.7309, 24.848, 24.9622, 25.0726, 25.18, 25.2836, 25.3841, 25.4809, 25.5747, 25.6648, 25.7518, 25.8351, 25.8753
0.0529711, -0.458971, 0.388619, -0.343151, 0.315382, 1.70894, 2.54252, 3.16585, 3.73781, 4.21785, 4.70512, 5.1128, 5.56856, 5.92682, 6.3363, 6.71976, 7.08098, 7.458, 7.80151, 8.15295, 8.49357, 8.84272, 9.1562, 9.50509, 9.82726, 10.1555, 10.462, 10.8039, 11.0552, 11.3263, 11.5906, 11.8526, 12.113, 12.3714, 12.6278, 12.8822, 13.1345, 13.3846, 13.6325, 13.8788, 14.1207, 14.3685, 14.6068, 14.8437, 15.0781, 15.31, 15.5396, 15.7666, 15.9911, 16.2131, 16.4326, 16.6494, 16.8636, 17.0751, 17.284, 17.4901, 17.6935, 17.8941, 18.092, 18.287, 18.4793, 18.6686, 18.8551, 19.0387, 19.2194, 19.3971, 19.5717, 19.7438, 19.9096, 20.0766, 20.2389, 20.3989, 20.5556, 20.7094, 20.86, 21.0077, 21.1523, 21.2937, 21.4321, 21.5673, 21.6995, 21.8286, 21.9546, 22.0775, 22.1972, 22.3139, 22.4274, 22.5379, 22.6452, 22.7494, 22.8505, 22.9485, 23.0434, 23.1353, 23.224, 23.3097, 23.3923, 23.4718, 23.5483, 23.585
0.0483704, -0.419108, 0.354866, -0.313347, 0.287991, 1.55705, 2.31759, 2.88432, 3.40595, 3.84309, 4.28641, 4.65877, 5.07295, 5.39973, 5.77185, 6.12164, 6.45008, 6.79372, 7.10659, 7.42733, 7.73456, 8.05388, 8.33926, 8.65649, 8.95223, 9.24468, 9.5383, 9.8177, 10.1186, 10.3505, 10.5918, 10.832, 11.07, 11.3062, 11.5406, 11.7732, 12.0038, 12.2327, 12.4594, 12.6842, 12.9069, 13.1274, 13.346, 13.5624, 13.7766, 13.9887, 14.1985, 14.406, 14.6113, 14.8143, 15.0149, 15.2131, 15.409, 15.6024, 15.7934, 15.9819, 16.1679, 16.3514, 16.5323, 16.7107, 16.8865, 17.0597, 17.2303, 17.3983, 17.5635, 17.7261, 17.8865, 18.0436, 18.1982, 18.35, 18.4991, 18.6454, 18.7889, 18.9297, 19.0677, 19.2029, 19.335, 19.4647, 19.5914, 19.7147, 19.8362, 19.9542, 20.0698, 20.1823, 20.2922, 20.3991, 20.5032, 20.6045, 20.7029, 20.7985, 20.8913, 20.9812, 21.0684, 21.1527, 21.2342, 21.3129, 21.3888, 21.4618, 21.5322, 21.5659
0.0440928, -0.382045, 0.323484, -0.285637, 0.262521, 1.42353, 2.1169, 2.63603, 3.11178, 3.5107, 3.91569, 4.2556, 4.63358, 4.93221, 5.27182, 5.59101, 5.89084, 6.2046, 6.49057, 6.7824, 7.06469, 7.35447, 7.61503, 7.90469, 8.17434, 8.44203, 8.70884, 8.96741, 9.23469, 9.47243, 9.69428, 9.91281, 10.1306, 10.3469, 10.5615, 10.7743, 10.9855, 11.1946, 11.4022, 11.6079, 11.8118, 12.0138, 12.2138, 12.4119, 12.6081, 12.8022, 12.9943, 13.1843, 13.3722, 13.558, 13.7417, 13.9232, 14.1025, 14.2796, 14.4545, 14.6271, 14.7974, 14.9655, 15.1312, 15.2945, 15.4555, 15.6142, 15.7704, 15.9242, 16.0756, 16.2246, 16.3703, 16.5146, 16.6561, 16.7952, 16.9315, 17.0656, 17.197, 17.326, 17.4524, 17.5763, 17.698, 17.8165, 17.9328, 18.0479, 18.1581, 18.267, 18.3725, 18.476, 18.5765, 18.6747, 18.7701, 18.8631, 18.9533, 19.0411, 19.1262, 19.2088, 19.2887, 19.3661, 19.4409, 19.5132, 19.5829, 19.6501, 19.7146, 19.7457
0.0405135, -0.351032, 0.297225, -0.262449, 0.241213, 1.30328, 1.93957, 2.41352, 2.84966, 3.21495, 3.58549, 3.8968, 4.24244, 4.51594, 4.82675, 5.11866, 5.39296, 5.68022, 5.94199, 6.20964, 6.4665, 6.73242, 6.97047, 7.23556, 7.48173, 7.72817, 7.96969, 8.21197, 8.444, 8.69368, 8.89052, 9.09408, 9.294, 9.49237, 9.68922, 9.8846, 10.0782, 10.2709, 10.4613, 10.6501, 10.8372, 11.0226, 11.2062, 11.388, 11.568, 11.7462, 11.9225, 12.0969, 12.2694, 12.44, 12.6086, 12.7752, 12.9398, 13.1024, 13.2629, 13.4214, 13.5778, 13.732, 13.8842, 14.0342, 14.182, 14.3277, 14.4711, 14.6124, 14.7514, 14.8882, 15.0228, 15.1551, 15.2851, 15.4128, 15.5387, 15.6617, 15.7826, 15.901, 16.0172, 16.131, 16.2425, 16.3516, 16.4584, 16.5628, 16.6648, 16.7645, 16.8618, 16.9568, 17.0496, 17.1396, 17.2275, 17.3128, 17.396, 17.4766, 17.555, 17.6309, 17.7046, 17.7758, 17.8447, 17.9112, 17.9755, 18.0372, 18.0969, 18.1254
0.0370778, -0.321262, 0.272019, -0.240193, 0.220755, 1.19717, 1.77973, 2.21605, 2.61542, 2.95066, 3.29042, 3.57612, 3.89296, 4.144, 4.42894, 4.69694, 4.94805, 5.21186, 5.45143, 5.69739, 5.93267, 6.17659, 6.3948, 6.63789, 6.86378, 7.08878, 7.31208, 7.53135, 7.75091, 7.9639, 8.18252, 8.36174, 8.54558, 8.72813, 8.90921, 9.08884, 9.26703, 9.44369, 9.61888, 9.79253, 9.96461, 10.1351, 10.304, 10.4712, 10.6368, 10.8007, 10.9629, 11.1233, 11.282, 11.4389, 11.594, 11.7472, 11.8987, 12.0482, 12.1959, 12.3417, 12.4856, 12.6275, 12.7675, 12.9055, 13.0416, 13.1756, 13.3076, 13.4376, 13.5656, 13.6915, 13.8153, 13.9371, 14.0567, 14.1744, 14.2888, 14.4025, 14.5136, 14.6227, 14.7297, 14.8345, 14.9371, 15.0376, 15.1359, 15.2321, 15.3261, 15.4179, 15.5076, 15.595, 15.6803, 15.7634, 15.8443, 15.9233, 15.9997, 16.0743, 16.1463, 16.2165, 16.2843, 16.3501, 16.4135, 16.475, 16.5342, 16.5916, 16.6462, 16.6728
0.0341744, -0.296106, 0.250718, -0.221385, 0.20347, 1.10097, 1.63739, 2.03791, 2.40524, 2.71376, 3.02581, 3.28855, 3.57989, 3.81008, 4.07267, 4.31811, 4.54954, 4.79124, 5.0126, 5.23783, 5.45495, 5.67822, 5.87891, 6.10137, 6.30937, 6.51651, 6.72099, 6.92299, 7.12499, 7.32054, 7.52308, 7.70142, 7.87115, 8.039, 8.20578, 8.37126, 8.53541, 8.69819, 8.85958, 9.01955, 9.17809, 9.33516, 9.49074, 9.64482, 9.79737, 9.94837, 10.0977, 10.2456, 10.3918, 10.5363, 10.6792, 10.8205, 10.96, 11.0978, 11.2339, 11.3683, 11.5009, 11.6317, 11.7607, 11.8879, 12.0133, 12.1368, 12.2585, 12.3783, 12.4963, 12.6123, 12.7265, 12.8387, 12.9491, 13.0575, 13.164, 13.2685, 13.371, 13.4716, 13.5703, 13.6669, 13.7616, 13.8543, 13.945, 14.0337, 14.1204, 14.2051, 14.2878, 14.3685, 14.4472, 14.5239, 14.5986, 14.6713, 14.742, 14.8107, 14.8774, 14.942, 15.0047, 15.0654, 15.1241, 15.1808, 15.2356, 15.2878, 15.3392, 15.3633
0.0314783, -0.272746, 0.230939, -0.203919, 0.187417, 1.01486, 1.50882, 1.8781, 2.21643, 2.50031, 2.78783, 3.02975, 3.29804, 3.51002, 3.75175, 3.97803, 4.19073, 4.41362, 4.61663, 4.82458, 5.0247, 5.22986, 5.41516, 5.61947, 5.81076, 6.00176, 6.18971, 6.37615, 6.561, 6.74404, 6.92203, 7.1097, 7.26205, 7.41792, 7.5719, 7.72462, 7.87611, 8.02634, 8.17529, 8.32294, 8.46927, 8.61424, 8.75785, 8.90006, 9.04087, 9.18022, 9.31828, 9.45471, 9.58967, 9.72312, 9.85505, 9.98543, 10.1142, 10.2415, 10.3671, 10.4912, 10.6135, 10.7343, 10.8534, 10.9708, 11.0866, 11.2007, 11.313, 11.4237, 11.5326, 11.6398, 11.7452, 11.8489, 11.9508, 12.0509, 12.1492, 12.2458, 12.3405, 12.4334, 12.5245, 12.6138, 12.7013, 12.787, 12.8708, 12.9527, 13.0329, 13.1112, 13.1876, 13.2622, 13.335, 13.4059, 13.4749, 13.5421, 13.6075, 13.671, 13.7327, 13.7925, 13.8505, 13.9067, 13.961, 14.0135, 14.0642, 14.1143, 14.1598, 14.1834
0.0290118, -0.251374, 0.212843, -0.18794, 0.172731, 0.937334, 1.39259, 1.73407, 2.04568, 2.30808, 2.57318, 2.79605, 3.04373, 3.2392, 3.46217, 3.67068, 3.86711, 4.07226, 4.26043, 4.45141, 4.63629, 4.82574, 4.99609, 5.18477, 5.36115, 5.5369, 5.71054, 5.88229, 6.05328, 6.22116, 6.38886, 6.55182, 6.71767, 6.85849, 7.0008, 7.14206, 7.28217, 7.42111, 7.55886, 7.69541, 7.83074, 7.96482, 8.09763, 8.22917, 8.35938, 8.48836, 8.61558, 8.74184, 8.86666, 8.9901, 9.11213, 9.23273, 9.35189, 9.46959, 9.58583, 9.70053, 9.81406, 9.92573, 10.036, 10.1446, 10.2517, 10.3573, 10.4612, 10.5636, 10.6644, 10.7636, 10.8612, 10.9571, 11.0514, 11.1441, 11.2351, 11.3245, 11.4122, 11.4982, 11.5826, 11.6653, 11.7462, 11.8255, 11.9032, 11.9791, 12.0533, 12.1258, 12.1966, 12.2657, 12.3331, 12.3988, 12.4628, 12.5251, 12.5857, 12.6446, 12.7017, 12.7572, 12.811, 12.8631, 12.9134, 12.9622, 13.0091, 13.0512, 13.0986, 13.1174
0.026977, -0.233744, 0.197915, -0.174759, 0.160619, 0.866002, 1.28854, 1.60248, 1.89184, 2.13328, 2.37902, 2.58447, 2.81352, 2.99427, 3.19996, 3.39325, 3.57427, 3.76402, 3.93701, 4.1142, 4.28492, 4.4598, 4.61729, 4.79144, 4.95422, 5.1167, 5.27672, 5.43563, 5.59351, 5.74858, 5.90384, 6.05388, 6.20906, 6.3435, 6.4757, 6.60625, 6.73583, 6.86435, 6.99178, 7.1181, 7.24328, 7.36731, 7.49018, 7.61185, 7.73236, 7.85142, 7.97035, 8.08699, 8.2025, 8.3167, 8.42961, 8.5412, 8.65146, 8.76036, 8.8679, 8.97417, 9.07821, 9.18175, 9.28368, 9.38423, 9.48333, 9.581, 9.6772, 9.77193, 9.8652, 9.95697, 10.0473, 10.136, 10.2233, 10.309, 10.3933, 10.476, 10.5571, 10.6367, 10.7148, 10.7913, 10.8663, 10.9397, 11.0115, 11.0818, 11.1505, 11.2176, 11.2831, 11.3471, 11.4095, 11.4703, 11.5296, 11.5872, 11.6433, 11.6978, 11.7508, 11.8021, 11.8519, 11.9001, 11.9469, 11.9919, 12.0355, 12.086, 12.1167, 12.1421
0.0248517, -0.215329, 0.182322, -0.160991, 0.147962, 0.802855, 1.19248, 1.48476, 1.75121, 1.97578, 2.20224, 2.39319, 2.60469, 2.77189, 2.96225, 3.14075, 3.30859, 3.48383, 3.64453, 3.8078, 3.96599, 4.12791, 4.27353, 4.43457, 4.58529, 4.73508, 4.88394, 5.0304, 5.1764, 5.32039, 5.4629, 5.60454, 5.74069, 5.88575, 6.00462, 6.12621, 6.24646, 6.36567, 6.48387, 6.60104, 6.71715, 6.83221, 6.94617, 7.05907, 7.17071, 7.28186, 7.38884, 7.49749, 7.60454, 7.71048, 7.81518, 7.91867, 8.02091, 8.12191, 8.22169, 8.3199, 8.41911, 8.51456, 8.60927, 8.70253, 8.7945, 8.88511, 8.97439, 9.0623, 9.14884, 9.23401, 9.31779, 9.40019, 9.48118, 9.56085, 9.639, 9.71577, 9.7911, 9.86502, 9.93749, 10.0085, 10.0781, 10.1463, 10.213, 10.2782, 10.342, 10.4044, 10.4652, 10.5247, 10.5826, 10.6391, 10.6942, 10.7477, 10.7999, 10.8505, 10.8997, 10.9475, 10.9938, 11.0386, 11.0819, 11.124, 11.1643, 11.203, 11.2411, 11.2589
0.0231485, -0.200572, 0.169827, -0.149958, 0.137824, 0.744063, 1.1064, 1.37623, 1.62417, 1.83144, 2.04209, 2.2183, 2.4147, 2.56957, 2.74603, 2.91135, 3.0669, 3.22934, 3.3778, 3.52947, 3.67586, 3.82605, 3.96116, 4.11004, 4.24944, 4.38865, 4.52585, 4.6618, 4.79715, 4.93005, 5.06268, 5.19353, 5.32071, 5.45257, 5.56943, 5.6811, 5.79242, 5.90296, 6.01257, 6.12122, 6.22891, 6.3356, 6.44131, 6.5459, 6.64987, 6.75097, 6.85956, 6.95906, 7.05867, 7.15693, 7.25416, 7.35024, 7.44521, 7.53899, 7.6316, 7.72306, 7.81316, 7.90223, 7.99005, 8.07666, 8.16203, 8.24617, 8.32904, 8.41066, 8.49101, 8.57009, 8.64789, 8.7244, 8.79962, 8.87331, 8.94599, 9.01724, 9.08722, 9.15585, 9.22316, 9.28913, 9.35377, 9.41707, 9.47902, 9.53963, 9.59889, 9.6568, 9.71336, 9.76856, 9.82241, 9.87491, 9.92605, 9.97584, 10.0243, 10.0714, 10.1171, 10.1615, 10.2045, 10.2462, 10.2869, 10.3255, 10.3636, 10.3994, 10.435, 10.4515
0.0215167, -0.186432, 0.157856, -0.139386, 0.128108, 0.690876, 1.02745, 1.27772, 1.50793, 1.70025, 1.89566, 2.05928, 2.24133, 2.38524, 2.5487, 2.70233, 2.8465, 2.99727, 3.13474, 3.27559, 3.41123, 3.55062, 3.67596, 3.81411, 3.94347, 4.07246, 4.19956, 4.32586, 4.4513, 4.57496, 4.69783, 4.81878, 4.9384, 5.0557, 5.1776, 5.28216, 5.38648, 5.48932, 5.59128, 5.69234, 5.79251, 5.89175, 5.99007, 6.08744, 6.18382, 6.27937, 6.37328, 6.4668, 6.55919, 6.65073, 6.74106, 6.83039, 6.91854, 7.00573, 7.09182, 7.17681, 7.26071, 7.34347, 7.42512, 7.50563, 7.585, 7.66321, 7.7403, 7.81617, 7.89088, 7.9644, 8.03674, 8.10787, 8.1778, 8.24654, 8.31404, 8.38032, 8.44538, 8.50922, 8.57181, 8.63317, 8.69329, 8.75216, 8.80979, 8.86616, 8.92128, 8.97515, 9.02777, 9.07913, 9.12923, 9.17808, 9.22566, 9.27199, 9.31706, 9.36088, 9.40344, 9.44475, 9.48481, 9.52362, 9.56115, 9.5975, 9.63254, 9.6667, 9.69894, 9.71485
0.019924, -0.172633, 0.146171, -0.129069, 0.118624, 0.642831, 0.954685, 1.18827, 1.40135, 1.58071, 1.76175, 1.91402, 2.08294, 2.21663, 2.3685, 2.51107, 2.64508, 2.78488, 2.91313, 3.0433, 3.17001, 3.29907, 3.41527, 3.54416, 3.66397, 3.78334, 3.90211, 4.01876, 4.13548, 4.24977, 4.36437, 4.47627, 4.58778, 4.69812, 4.80606, 4.91654, 5.00995, 5.10565, 5.20049, 5.2945, 5.38768, 5.48, 5.57146, 5.66203, 5.75172, 5.84048, 5.92839, 6.0153, 6.10137, 6.18597, 6.27012, 6.35314, 6.43555, 6.51659, 6.5967, 6.67577, 6.75382, 6.83083, 6.9068, 6.98171, 7.05556, 7.12835, 7.19992, 7.27056, 7.34007, 7.40849, 7.4758, 7.54199, 7.60707, 7.67102, 7.73384, 7.79553, 7.85608, 7.91548, 7.97374, 8.03085, 8.08681, 8.14161, 8.19524, 8.24772, 8.29904, 8.34918, 8.39817, 8.44598, 8.49263, 8.5381, 8.58241, 8.62555, 8.66752, 8.70833, 8.74797, 8.78644, 8.82375, 8.8599, 8.89489, 8.92872, 8.9614, 8.99204, 9.02345, 9.03744
0.0185951, -0.161118, 0.136421, -0.12046, 0.110713, 0.598059, 0.888779, 1.10554, 1.30433, 1.47052, 1.63933, 1.78069, 1.93788, 2.06225, 2.20342, 2.33607, 2.46059, 2.59079, 2.70951, 2.83114, 2.94816, 3.06851, 3.17694, 3.29611, 3.40784, 3.51914, 3.6288, 3.73776, 3.84604, 3.95278, 4.05895, 4.16362, 4.26609, 4.36912, 4.47059, 4.57024, 4.66561, 4.75491, 4.84323, 4.93079, 5.01758, 5.10357, 5.18876, 5.27313, 5.35666, 5.43936, 5.52119, 5.60217, 5.68226, 5.7615, 5.83981, 5.91722, 5.99368, 6.06924, 6.14385, 6.21752, 6.29023, 6.36198, 6.43275, 6.50255, 6.57135, 6.63912, 6.70632, 6.772, 6.83681, 6.90055, 6.96328, 7.02496, 7.08561, 7.14521, 7.20376, 7.26125, 7.31769, 7.37306, 7.42736, 7.48059, 7.53275, 7.58383, 7.63383, 7.68276, 7.73059, 7.77735, 7.82302, 7.8676, 7.9111, 7.95351, 7.99483, 8.03506, 8.07421, 8.11227, 8.14925, 8.18514, 8.21995, 8.25367, 8.28632, 8.3179, 8.3484, 8.3779, 8.40618, 8.41988
0.0172724, -0.149658, 0.126718, -0.111892, 0.102837, 0.557545, 0.827688, 1.03022, 1.2146, 1.37014, 1.52661, 1.65877, 1.80483, 1.92046, 2.05205, 2.17511, 2.29131, 2.41231, 2.52332, 2.63578, 2.74544, 2.85718, 2.95778, 3.06938, 3.17301, 3.27629, 3.37884, 3.47985, 3.58065, 3.67986, 3.77815, 3.8758, 3.97175, 4.06727, 4.16254, 4.25291, 4.34953, 4.42914, 4.51174, 4.59329, 4.67415, 4.75425, 4.83361, 4.91221, 4.99004, 5.06707, 5.14334, 5.21877, 5.29339, 5.36718, 5.44014, 5.51225, 5.5835, 5.65389, 5.72341, 5.79204, 5.85978, 5.92663, 5.99256, 6.05758, 6.12168, 6.18486, 6.24706, 6.30837, 6.3687, 6.4281, 6.48653, 6.544, 6.6005, 6.65603, 6.71057, 6.76414, 6.81672, 6.8683, 6.91889, 6.96849, 7.01708, 7.06468, 7.11126, 7.15684, 7.20142, 7.24498, 7.28753, 7.32907, 7.3696, 7.40912, 7.44762, 7.48511, 7.52158, 7.55705, 7.5915, 7.62495, 7.65739, 7.68882, 7.71924, 7.74867, 7.77709, 7.80451, 7.83095, 7.84367
0.0161608, -0.140026, 0.118563, -0.104691, 0.0962196, 0.519676, 0.772106, 0.960317, 1.13279, 1.27703, 1.42342, 1.54611, 1.6824, 1.79023, 1.91268, 2.0277, 2.13562, 2.24844, 2.35173, 2.4567, 2.55851, 2.66264, 2.75669, 2.86015, 2.95704, 3.05331, 3.14868, 3.24283, 3.33663, 3.42918, 3.52108, 3.61195, 3.70075, 3.7901, 3.87844, 3.96385, 4.05006, 4.13478, 4.21094, 4.28713, 4.3626, 4.43739, 4.51147, 4.58484, 4.65749, 4.72943, 4.80051, 4.87095, 4.94061, 5.00951, 5.07762, 5.14494, 5.21147, 5.27719, 5.34209, 5.40618, 5.46943, 5.53184, 5.59341, 5.65412, 5.71398, 5.77297, 5.83109, 5.88833, 5.94471, 6.00017, 6.05474, 6.10842, 6.16119, 6.21305, 6.264, 6.31403, 6.36314, 6.41133, 6.4586, 6.50493, 6.55033, 6.59479, 6.63832, 6.68091, 6.72256, 6.76327, 6.80304, 6.84186, 6.87974, 6.91667, 6.95266, 6.98771, 7.02181, 7.05497, 7.08719, 7.11846, 7.1488, 7.1782, 7.20666, 7.23418, 7.26078, 7.28644, 7.31118, 7.32309
0.0150444, -0.130353, 0.110372, -0.0974588, 0.089572, 0.485306, 0.720363, 0.896463, 1.05681, 1.19195, 1.32799, 1.44277, 1.5697, 1.67017, 1.78445, 1.89144, 1.99219, 2.09751, 2.19367, 2.29181, 2.38616, 2.48376, 2.57115, 2.6681, 2.75819, 2.84783, 2.9369, 3.02449, 3.11208, 3.19793, 3.28405, 3.36812, 3.45205, 3.53476, 3.61703, 3.69722, 3.77651, 3.85978, 3.93047, 4.00176, 4.0722, 4.14202, 4.21118, 4.27967, 4.34749, 4.41463, 4.48109, 4.54683, 4.61187, 4.67618, 4.73977, 4.80262, 4.86473, 4.92609, 4.98668, 5.04651, 5.10556, 5.16383, 5.22131, 5.27799, 5.33388, 5.38895, 5.44322, 5.49666, 5.54928, 5.60107, 5.65202, 5.70214, 5.75141, 5.79984, 5.84741, 5.89413, 5.93999, 5.98498, 6.02912, 6.07238, 6.11478, 6.1563, 6.19695, 6.23672, 6.27562, 6.31364, 6.35078, 6.38704, 6.42241, 6.45691, 6.49053, 6.52326, 6.55512, 6.58609, 6.61619, 6.6454, 6.67374, 6.70121, 6.7278, 6.75352, 6.77837, 6.80235, 6.82546, 6.83659
0.0140932, -0.122112, 0.103394, -0.091297, 0.0839095, 0.453125, 0.673064, 0.837049, 0.987218, 1.11283, 1.24024, 1.34704, 1.46567, 1.55945, 1.66606, 1.76606, 1.86001, 1.95816, 2.04798, 2.13947, 2.22787, 2.3185, 2.40025, 2.4904, 2.57463, 2.65852, 2.74113, 2.82318, 2.90479, 2.98515, 3.06516, 3.14396, 3.22192, 3.29909, 3.37598, 3.4508, 3.52521, 3.60076, 3.67326, 3.73877, 3.80468, 3.8699, 3.93452, 3.99852, 4.0619, 4.12463, 4.18672, 4.24816, 4.30893, 4.36903, 4.42845, 4.48718, 4.54521, 4.60255, 4.65917, 4.71508, 4.77026, 4.82471, 4.87843, 4.9314, 4.98363, 5.0351, 5.08581, 5.13576, 5.18493, 5.23333, 5.28096, 5.3278, 5.37385, 5.41911, 5.46357, 5.50724, 5.5501, 5.59216, 5.63341, 5.67386, 5.71349, 5.7523, 5.7903, 5.82748, 5.86385, 5.89939, 5.93411, 5.96801, 6.00109, 6.03334, 6.06477, 6.09538, 6.12517, 6.15413, 6.18228, 6.2096, 6.2361, 6.26179, 6.28666, 6.31072, 6.33397, 6.3564, 6.37803, 6.38844
0.0131605, -0.11403, 0.0965512, -0.0852547, 0.078356, 0.423675, 0.629031, 0.782449, 0.922535, 1.04011, 1.159, 1.25873, 1.36953, 1.45712, 1.55666, 1.65004, 1.73778, 1.82942, 1.91332, 1.99874, 2.08126, 2.16586, 2.24223, 2.32641, 2.40514, 2.4833, 2.56082, 2.6372, 2.71317, 2.78836, 2.86301, 2.93664, 3.00916, 3.08196, 3.15316, 3.22307, 3.29283, 3.36262, 3.43317, 3.49604, 3.5576, 3.61862, 3.67905, 3.7389, 3.79817, 3.85684, 3.9149, 3.97236, 4.02919, 4.0854, 4.14097, 4.1959, 4.25017, 4.3038, 4.35675, 4.40904, 4.46066, 4.51159, 4.56183, 4.61137, 4.66022, 4.70837, 4.7558, 4.80252, 4.84852, 4.89379, 4.93834, 4.98215, 5.02523, 5.06757, 5.10917, 5.15002, 5.19012, 5.22947, 5.26806, 5.3059, 5.34298, 5.37929, 5.41485, 5.44964, 5.48366, 5.51692, 5.54941, 5.58114, 5.61209, 5.64228, 5.67169, 5.70034, 5.72822, 5.75533, 5.78168, 5.80725, 5.83207, 5.85612, 5.8794, 5.90193, 5.9237, 5.94471, 5.96496, 5.97471
0.0123022, -0.106594, 0.0902546, -0.0796949, 0.0732458, 0.396372, 0.58829, 0.731863, 0.862684, 0.972745, 1.08366, 1.17713, 1.28053, 1.36239, 1.45541, 1.54267, 1.62466, 1.71029, 1.78864, 1.86856, 1.94555, 2.02476, 2.09599, 2.17461, 2.24816, 2.32139, 2.39345, 2.46498, 2.53618, 2.60611, 2.67594, 2.74477, 2.8126, 2.88015, 2.94704, 3.0125, 3.07751, 3.14317, 3.20748, 3.2707, 3.32745, 3.38456, 3.44108, 3.49707, 3.5525, 3.60738, 3.6617, 3.71544, 3.7686, 3.82117, 3.87315, 3.92453, 3.97531, 4.02546, 4.075, 4.12391, 4.17219, 4.21983, 4.26683, 4.31318, 4.35887, 4.40391, 4.44828, 4.49198, 4.53501, 4.57737, 4.61904, 4.66003, 4.70033, 4.73994, 4.77885, 4.81707, 4.85458, 4.89139, 4.9275, 4.9629, 4.99759, 5.03157, 5.06483, 5.09738, 5.12921, 5.16033, 5.19073, 5.22041, 5.24938, 5.27762, 5.30515, 5.33196, 5.35804, 5.38341, 5.40807, 5.432, 5.45522, 5.47773, 5.49953, 5.52061, 5.54098, 5.56065, 5.57961, 5.58877
0.0115142, -0.0997655, 0.0844732, -0.0745899, 0.068554, 0.371005, 0.550558, 0.68491, 0.807249, 0.910226, 1.01392, 1.10137, 1.19799, 1.27464, 1.36149, 1.44315, 1.51984, 1.5997, 1.67336, 1.74744, 1.82032, 1.89333, 1.96038, 2.03415, 2.10279, 2.17104, 2.23885, 2.30542, 2.37202, 2.43728, 2.50283, 2.56675, 2.63041, 2.69341, 2.75628, 2.81694, 2.87787, 2.93958, 2.99939, 3.05999, 3.11463, 3.16815, 3.22106, 3.27347, 3.32536, 3.37674, 3.42759, 3.4779, 3.52766, 3.57688, 3.62555, 3.67365, 3.72118, 3.76814, 3.81452, 3.86031, 3.90551, 3.95011, 3.99411, 4.03751, 4.08029, 4.12245, 4.164, 4.20491, 4.2452, 4.28486, 4.32388, 4.36226, 4.39999, 4.43708, 4.47352, 4.5093, 4.54443, 4.5789, 4.61271, 4.64586, 4.67835, 4.71016, 4.74132, 4.7718, 4.80161, 4.83076, 4.85923, 4.88703, 4.91416, 4.94061, 4.9664, 4.99151, 5.01594, 5.03971, 5.06281, 5.08523, 5.10699, 5.12807, 5.14849, 5.16825, 5.18734, 5.20577, 5.22354, 5.23193
0.0107869, -0.0934633, 0.079137, -0.069878, 0.0642234, 0.34742, 0.515548, 0.641279, 0.755813, 0.852139, 0.949217, 1.03098, 1.12146, 1.19305, 1.27448, 1.35067, 1.42249, 1.49734, 1.56587, 1.63562, 1.70338, 1.7719, 1.8347, 1.90337, 1.96769, 2.0319, 2.09481, 2.15746, 2.21945, 2.28094, 2.34125, 2.40201, 2.46111, 2.52067, 2.57877, 2.63609, 2.69297, 2.75034, 2.80684, 2.86151, 2.91757, 2.96618, 3.01588, 3.06494, 3.11353, 3.16164, 3.20925, 3.25635, 3.30295, 3.34904, 3.39461, 3.43965, 3.48415, 3.52812, 3.57155, 3.61443, 3.65675, 3.69852, 3.73972, 3.78035, 3.82041, 3.85989, 3.8988, 3.93711, 3.97484, 4.01197, 4.04851, 4.08445, 4.11979, 4.15452, 4.18864, 4.22215, 4.25504, 4.28733, 4.31899, 4.35003, 4.38046, 4.41025, 4.43943, 4.46798, 4.4959, 4.52319, 4.54986, 4.57589, 4.6013, 4.62608, 4.65023, 4.67375, 4.69664, 4.7189, 4.74053, 4.76153, 4.78191, 4.80166, 4.82079, 4.8393, 4.85718, 4.87445, 4.89109, 4.89913
0.0101042, -0.0875482, 0.0741286, -0.0654556, 0.0601588, 0.325523, 0.482957, 0.600752, 0.707949, 0.798189, 0.889008, 0.965629, 1.05022, 1.11735, 1.19341, 1.26491, 1.33199, 1.40206, 1.46625, 1.5316, 1.59475, 1.65907, 1.71771, 1.78222, 1.84235, 1.90212, 1.96153, 2.01984, 2.07792, 2.13528, 2.19243, 2.2486, 2.3041, 2.35931, 2.41429, 2.46746, 2.52083, 2.57474, 2.62744, 2.67937, 2.73071, 2.78097, 2.82708, 2.87313, 2.91869, 2.96379, 3.00843, 3.0526, 3.09629, 3.1395, 3.18223, 3.22446, 3.26619, 3.30742, 3.34814, 3.38835, 3.42804, 3.4672, 3.50584, 3.54394, 3.58151, 3.61854, 3.65502, 3.69095, 3.72634, 3.76116, 3.79543, 3.82914, 3.86228, 3.89486, 3.92686, 3.9583, 3.98915, 4.01944, 4.04914, 4.07826, 4.1068, 4.13476, 4.16213, 4.18892, 4.21511, 4.24072, 4.26575, 4.29018, 4.31402, 4.33728, 4.35994, 4.38201, 4.4035, 4.4244, 4.4447, 4.46442, 4.48356, 4.50211, 4.52007, 4.53745, 4.55424, 4.57046, 4.5861, 4.59363
0.00947251, -0.0820751, 0.0694944, -0.0613636, 0.056398, 0.305109, 0.452638, 0.562999, 0.663419, 0.747942, 0.833001, 0.904757, 0.983965, 1.04684, 1.11805, 1.185, 1.2478, 1.31342, 1.37348, 1.4347, 1.49381, 1.55405, 1.60893, 1.66936, 1.72557, 1.7817, 1.83697, 1.89179, 1.94628, 1.99985, 2.05345, 2.10579, 2.15791, 2.20957, 2.26106, 2.31082, 2.36081, 2.41129, 2.4606, 2.50938, 2.55697, 2.60535, 2.64817, 2.69134, 2.73401, 2.77626, 2.81807, 2.85944, 2.90037, 2.94085, 2.98087, 3.02042, 3.05951, 3.09813, 3.13628, 3.17394, 3.21111, 3.24779, 3.28398, 3.31967, 3.35486, 3.38954, 3.42372, 3.45737, 3.49052, 3.52313, 3.55523, 3.5868, 3.61784, 3.64835, 3.67833, 3.70777, 3.73667, 3.76503, 3.79285, 3.82013, 3.84686, 3.87304, 3.89868, 3.92377, 3.9483, 3.9723, 3.99573, 4.01861, 4.04094, 4.06272, 4.08394, 4.10462, 4.12474, 4.14431, 4.16333, 4.1818, 4.19971, 4.21708, 4.23392, 4.25018, 4.26591, 4.28109, 4.29574, 4.30279
0.00888664, -0.0769988, 0.0651962, -0.0575683, 0.0529099, 0.28606, 0.424394, 0.527788, 0.621938, 0.701087, 0.780838, 0.847989, 0.922279, 0.981059, 1.04793, 1.11041, 1.16944, 1.23078, 1.28715, 1.34428, 1.39999, 1.45615, 1.50769, 1.564, 1.6168, 1.66947, 1.7212, 1.77256, 1.82349, 1.87385, 1.92329, 1.97316, 2.02158, 2.07044, 2.11811, 2.16516, 2.21185, 2.25896, 2.30529, 2.35041, 2.39567, 2.44124, 2.48247, 2.52286, 2.56287, 2.60247, 2.64167, 2.68046, 2.71882, 2.75677, 2.79428, 2.83136, 2.86801, 2.90421, 2.93997, 2.97527, 3.01012, 3.04451, 3.07844, 3.1119, 3.14489, 3.1774, 3.20943, 3.24099, 3.27205, 3.30266, 3.33275, 3.36235, 3.39145, 3.42005, 3.44816, 3.47576, 3.50285, 3.52944, 3.55553, 3.5811, 3.60616, 3.63071, 3.65474, 3.67826, 3.70127, 3.72372, 3.74571, 3.76716, 3.7881, 3.80852, 3.82842, 3.8478, 3.86667, 3.88502, 3.90285, 3.92017, 3.93697, 3.95326, 3.96897, 3.98429, 3.99903, 4.01329, 4.027, 4.03363
0.0083335, -0.0722061, 0.0611381, -0.053985, 0.0496165, 0.268316, 0.397999, 0.494966, 0.58319, 0.657411, 0.732114, 0.79509, 0.864646, 0.919803, 0.982349, 1.04105, 1.09623, 1.15377, 1.20649, 1.26018, 1.31207, 1.36493, 1.41309, 1.46609, 1.51541, 1.56464, 1.6132, 1.6613, 1.7091, 1.75609, 1.8031, 1.849, 1.8947, 1.94003, 1.98521, 2.02883, 2.07269, 2.11703, 2.1603, 2.20315, 2.24497, 2.28698, 2.32897, 2.36617, 2.40378, 2.44091, 2.47768, 2.51406, 2.55005, 2.58564, 2.62083, 2.65562, 2.68999, 2.72395, 2.75749, 2.79061, 2.8233, 2.85556, 2.88739, 2.91877, 2.94972, 2.98022, 3.01027, 3.03987, 3.06903, 3.09756, 3.12584, 3.15359, 3.1809, 3.20773, 3.23409, 3.25998, 3.2854, 3.31035, 3.33482, 3.35881, 3.38232, 3.40535, 3.4279, 3.44997, 3.47155, 3.49286, 3.51335, 3.53356, 3.55316, 3.57235, 3.59101, 3.60921, 3.62691, 3.64414, 3.66087, 3.67713, 3.69289, 3.70818, 3.72335, 3.73731, 3.75124, 3.76452, 3.77752, 3.78367
0.00781998, -0.0677567, 0.0573708, -0.0506584, 0.0465592, 0.251716, 0.373358, 0.464288, 0.547016, 0.616594, 0.686633, 0.745654, 0.810866, 0.862548, 0.92119, 0.976182, 1.02789, 1.08185, 1.13119, 1.18154, 1.23021, 1.27971, 1.32487, 1.37448, 1.42071, 1.46688, 1.51232, 1.55749, 1.60215, 1.64633, 1.69018, 1.73345, 1.77615, 1.81853, 1.86078, 1.90203, 1.94302, 1.9844, 2.02508, 2.06473, 2.10459, 2.14388, 2.18275, 2.21936, 2.25447, 2.28932, 2.3238, 2.35793, 2.39168, 2.42506, 2.45807, 2.49069, 2.52293, 2.55479, 2.58624, 2.61731, 2.64797, 2.67823, 2.70808, 2.73751, 2.76654, 2.79515, 2.82333, 2.8511, 2.87837, 2.90616, 2.93236, 2.95851, 2.98407, 3.00927, 3.034, 3.0583, 3.08215, 3.10556, 3.12852, 3.15103, 3.17309, 3.1947, 3.21587, 3.23657, 3.25685, 3.27547, 3.29551, 3.31396, 3.33267, 3.35046, 3.36811, 3.38508, 3.40176, 3.41786, 3.4336, 3.44881, 3.46364, 3.47795, 3.49181, 3.50528, 3.51997, 3.53064, 3.54492, 3.54944
0.00733694, -0.0635713, 0.0538269, -0.0475292, 0.0436832, 0.236203, 0.350297, 0.435607, 0.513172, 0.57844, 0.644085, 0.699453, 0.76055, 0.809048, 0.863958, 0.915546, 0.964014, 1.01453, 1.06094, 1.10795, 1.15364, 1.20005, 1.24239, 1.28886, 1.33223, 1.3754, 1.41823, 1.46035, 1.50239, 1.54357, 1.58479, 1.62531, 1.66528, 1.70519, 1.74472, 1.78324, 1.82172, 1.86051, 1.89863, 1.93583, 1.97313, 2.01008, 2.04609, 2.08264, 2.11501, 2.14778, 2.18013, 2.21214, 2.24381, 2.27513, 2.3061, 2.33671, 2.36696, 2.39684, 2.42636, 2.4555, 2.48427, 2.51266, 2.54066, 2.56829, 2.59552, 2.62236, 2.64881, 2.67485, 2.70052, 2.7256, 2.7505, 2.77491, 2.79904, 2.82262, 2.84584, 2.86862, 2.891, 2.91295, 2.93449, 2.95561, 2.9763, 2.99657, 3.01642, 3.03585, 3.05484, 3.07363, 3.09166, 3.10946, 3.1267, 3.14361, 3.16003, 3.17606, 3.19163, 3.20681, 3.22153, 3.23585, 3.24973, 3.2632, 3.27624, 3.28885, 3.30074, 3.31286, 3.32381, 3.32952
0.00688731, -0.0596755, 0.0505283, -0.0446165, 0.0410062, 0.221663, 0.328723, 0.408741, 0.481509, 0.542708, 0.604286, 0.656185, 0.713501, 0.758933, 0.810474, 0.858804, 0.90424, 0.951664, 0.995009, 1.03926, 1.08201, 1.12552, 1.16521, 1.20877, 1.24942, 1.28988, 1.33003, 1.36954, 1.40889, 1.44765, 1.48617, 1.52416, 1.56162, 1.59898, 1.63611, 1.67206, 1.70815, 1.74465, 1.78029, 1.81555, 1.84999, 1.88482, 1.91859, 1.95253, 1.9843, 2.01489, 2.04525, 2.07529, 2.105, 2.13438, 2.16343, 2.19215, 2.22053, 2.24856, 2.27625, 2.30359, 2.33058, 2.35722, 2.38349, 2.4094, 2.43495, 2.46013, 2.48494, 2.50938, 2.53344, 2.55716, 2.58045, 2.60339, 2.62591, 2.64807, 2.66984, 2.69122, 2.71221, 2.73281, 2.75302, 2.77283, 2.79225, 2.81127, 2.82989, 2.84811, 2.86594, 2.88333, 2.90038, 2.91696, 2.93321, 2.94902, 2.96446, 2.97947, 2.99411, 3.00832, 3.02215, 3.03558, 3.04861, 3.06123, 3.07347, 3.0853, 3.0968, 3.10778, 3.11852, 3.1236
0.00646359, -0.0560041, 0.0474197, -0.0418716, 0.0384834, 0.208047, 0.308493, 0.383585, 0.451827, 0.509254, 0.566979, 0.615684, 0.66939, 0.712047, 0.760306, 0.805663, 0.848256, 0.892673, 0.933447, 0.97478, 1.01492, 1.05572, 1.09294, 1.13378, 1.17187, 1.20983, 1.24742, 1.28449, 1.32139, 1.35772, 1.39383, 1.42947, 1.46455, 1.4996, 1.53432, 1.56823, 1.60202, 1.6361, 1.66952, 1.70249, 1.73509, 1.7675, 1.79938, 1.83066, 1.86256, 1.89076, 1.91933, 1.9475, 1.97539, 2.00296, 2.03023, 2.05718, 2.0838, 2.11012, 2.1361, 2.16176, 2.18709, 2.21209, 2.23674, 2.2611, 2.28507, 2.3087, 2.33199, 2.35492, 2.37751, 2.39974, 2.42162, 2.44313, 2.46429, 2.48509, 2.50552, 2.52559, 2.54529, 2.56462, 2.58359, 2.60219, 2.62041, 2.63826, 2.65574, 2.67285, 2.68958, 2.70594, 2.72192, 2.73771, 2.75283, 2.76776, 2.78219, 2.79633, 2.81004, 2.82341, 2.83638, 2.849, 2.86122, 2.87309, 2.88456, 2.89569, 2.90641, 2.91681, 2.92678, 2.93162
0.0060668, -0.0525661, 0.0445087, -0.0393012, 0.0361209, 0.195269, 0.289521, 0.359979, 0.423996, 0.477865, 0.532005, 0.577685, 0.628047, 0.668047, 0.713308, 0.755831, 0.795772, 0.837417, 0.875642, 0.914393, 0.952068, 0.990275, 1.02519, 1.06346, 1.09918, 1.13475, 1.17002, 1.20475, 1.23939, 1.27335, 1.30732, 1.3406, 1.37359, 1.40641, 1.43903, 1.47062, 1.50233, 1.5344, 1.56575, 1.59665, 1.62712, 1.65759, 1.68745, 1.71689, 1.74635, 1.77445, 1.80104, 1.82752, 1.85368, 1.87956, 1.90514, 1.93043, 1.95545, 1.98014, 2.00453, 2.02861, 2.05238, 2.07583, 2.099, 2.12159, 2.14415, 2.16631, 2.18817, 2.20969, 2.23085, 2.25172, 2.27225, 2.29244, 2.31229, 2.33181, 2.35098, 2.36981, 2.3883, 2.40644, 2.42424, 2.44169, 2.45879, 2.47555, 2.49195, 2.508, 2.52371, 2.53909, 2.55407, 2.56869, 2.583, 2.59693, 2.61053, 2.62376, 2.63665, 2.64918, 2.66136, 2.67319, 2.68467, 2.6958, 2.70658, 2.71701, 2.7271, 2.73683, 2.74622, 2.75074
0.00569336, -0.0493304, 0.0417689, -0.036882, 0.0338975, 0.183275, 0.271705, 0.337825, 0.397867, 0.448411, 0.499174, 0.542035, 0.589237, 0.62678, 0.669181, 0.709097, 0.746493, 0.785616, 0.82133, 0.857885, 0.892793, 0.928889, 0.961623, 0.997505, 1.03099, 1.06433, 1.09741, 1.12996, 1.16243, 1.1943, 1.22613, 1.25734, 1.28827, 1.31901, 1.34958, 1.37923, 1.40897, 1.43898, 1.46838, 1.49732, 1.52604, 1.55449, 1.58242, 1.61013, 1.63759, 1.66508, 1.68974, 1.71462, 1.73916, 1.76344, 1.78744, 1.8112, 1.83441, 1.85762, 1.88049, 1.90308, 1.92538, 1.94739, 1.96909, 1.99055, 2.01165, 2.03246, 2.05296, 2.07313, 2.09331, 2.11279, 2.13208, 2.15102, 2.16965, 2.18797, 2.20596, 2.22363, 2.24098, 2.258, 2.2747, 2.29108, 2.30713, 2.32285, 2.33824, 2.35331, 2.36805, 2.3822, 2.39643, 2.41009, 2.42355, 2.4366, 2.44938, 2.46178, 2.47388, 2.48563, 2.49707, 2.50816, 2.51894, 2.52938, 2.5395, 2.54928, 2.55875, 2.56788, 2.5767, 2.58094
0.00534501, -0.0463122, 0.0392133, -0.0346254, 0.0318235, 0.17199, 0.254981, 0.317002, 0.373338, 0.420731, 0.468359, 0.50853, 0.552822, 0.587987, 0.627801, 0.665174, 0.700278, 0.736894, 0.770475, 0.804588, 0.837687, 0.871245, 0.901938, 0.935594, 0.966949, 0.998277, 1.02911, 1.05975, 1.09019, 1.12006, 1.14992, 1.17915, 1.2082, 1.23697, 1.26561, 1.29344, 1.32119, 1.34944, 1.37697, 1.40417, 1.4308, 1.45772, 1.48396, 1.50986, 1.53554, 1.56136, 1.58554, 1.60875, 1.6318, 1.65458, 1.6771, 1.69936, 1.72142, 1.74314, 1.76462, 1.78582, 1.80674, 1.82739, 1.84777, 1.86785, 1.88766, 1.90719, 1.92642, 1.94538, 1.96397, 1.98236, 2.00043, 2.01821, 2.03569, 2.05287, 2.06975, 2.08633, 2.10261, 2.11859, 2.13426, 2.14962, 2.16468, 2.17943, 2.19388, 2.20801, 2.22184, 2.23542, 2.24859, 2.26151, 2.27408, 2.28637, 2.29833, 2.30999, 2.32134, 2.33238, 2.3431, 2.35353, 2.36363, 2.37344, 2.38293, 2.39212, 2.401, 2.40958, 2.41785, 2.42183
0.00501435, -0.0434471, 0.0367874, -0.0324833, 0.0298548, 0.161393, 0.239237, 0.297429, 0.350256, 0.394718, 0.439363, 0.477052, 0.518555, 0.551559, 0.58884, 0.623902, 0.656821, 0.691119, 0.722637, 0.754555, 0.785581, 0.817069, 0.845852, 0.877379, 0.906816, 0.936078, 0.965192, 0.993755, 1.0223, 1.0503, 1.0783, 1.10567, 1.13297, 1.15985, 1.18679, 1.21256, 1.23959, 1.26521, 1.29111, 1.31652, 1.34179, 1.36677, 1.39127, 1.41583, 1.43984, 1.4637, 1.4875, 1.50894, 1.53061, 1.55197, 1.5731, 1.59398, 1.61461, 1.635, 1.65514, 1.67502, 1.69465, 1.71402, 1.73313, 1.75197, 1.77055, 1.78887, 1.80691, 1.82469, 1.84221, 1.85943, 1.87638, 1.89306, 1.90945, 1.92561, 1.94143, 1.95699, 1.97226, 1.98725, 2.00194, 2.01636, 2.03048, 2.04432, 2.05787, 2.07113, 2.0841, 2.09677, 2.10916, 2.12126, 2.13307, 2.14458, 2.15581, 2.16674, 2.17739, 2.18774, 2.1978, 2.20758, 2.21706, 2.22626, 2.23516, 2.24378, 2.25211, 2.26016, 2.26792, 2.27165
0.00470589, -0.0407744, 0.0345244, -0.0304851, 0.0280183, 0.151402, 0.224437, 0.279001, 0.328558, 0.370231, 0.412111, 0.44742, 0.486359, 0.517255, 0.55226, 0.585048, 0.615916, 0.648138, 0.67755, 0.707682, 0.73641, 0.766139, 0.793107, 0.822664, 0.850234, 0.877694, 0.904891, 0.931721, 0.958467, 0.984714, 1.01093, 1.03668, 1.06198, 1.08742, 1.11255, 1.13702, 1.16127, 1.18618, 1.21035, 1.23424, 1.25764, 1.2813, 1.30426, 1.32723, 1.34966, 1.37227, 1.39384, 1.41548, 1.43557, 1.45564, 1.47546, 1.49504, 1.5144, 1.53353, 1.55242, 1.57107, 1.58948, 1.60765, 1.62557, 1.64325, 1.66067, 1.67785, 1.69478, 1.71145, 1.72786, 1.74403, 1.75993, 1.77557, 1.79095, 1.80606, 1.82091, 1.8355, 1.84982, 1.86388, 1.87767, 1.89119, 1.90443, 1.91741, 1.93012, 1.94256, 1.95473, 1.96662, 1.97824, 1.98959, 2.00067, 2.01147, 2.022, 2.03226, 2.04224, 2.05195, 2.06139, 2.07056, 2.07946, 2.08808, 2.09643, 2.10452, 2.11233, 2.11989, 2.12715, 2.13067
0.00441311, -0.0382377, 0.0323765, -0.0285885, 0.0262751, 0.142006, 0.210487, 0.261662, 0.308112, 0.347194, 0.386434, 0.41955, 0.45602, 0.485008, 0.517769, 0.548555, 0.577488, 0.607572, 0.635306, 0.663249, 0.690672, 0.718195, 0.743476, 0.771167, 0.797007, 0.822715, 0.848239, 0.873351, 0.898387, 0.92304, 0.947589, 0.971604, 0.99563, 1.01921, 1.04278, 1.06564, 1.08856, 1.11174, 1.13439, 1.15676, 1.17874, 1.20086, 1.22237, 1.24391, 1.26493, 1.28609, 1.30635, 1.32698, 1.34576, 1.36459, 1.38316, 1.40152, 1.41966, 1.43759, 1.4553, 1.47278, 1.49004, 1.50707, 1.52387, 1.54044, 1.55678, 1.57288, 1.58875, 1.60437, 1.61976, 1.63491, 1.64982, 1.66448, 1.67889, 1.69307, 1.70699, 1.72067, 1.73409, 1.74727, 1.76019, 1.77286, 1.78528, 1.79745, 1.80936, 1.82102, 1.83242, 1.84357, 1.85446, 1.8651, 1.87548, 1.8856, 1.89547, 1.90509, 1.91445, 1.92355, 1.9324, 1.94099, 1.94933, 1.95741, 1.96532, 1.97282, 1.98023, 1.98721, 1.99414, 1.99736
0.0041376, -0.0358505, 0.0303553, -0.0268037, 0.0246348, 0.133146, 0.197343, 0.245315, 0.288851, 0.325478, 0.362251, 0.39328, 0.427453, 0.454609, 0.485306, 0.51414, 0.541233, 0.569454, 0.595359, 0.621667, 0.647129, 0.673053, 0.696733, 0.722666, 0.746881, 0.770956, 0.794851, 0.818378, 0.841828, 0.864918, 0.887896, 0.910501, 0.932839, 0.954996, 0.977099, 0.998391, 1.02055, 1.04147, 1.06286, 1.08378, 1.10454, 1.12509, 1.14532, 1.16542, 1.18518, 1.205, 1.22374, 1.24411, 1.26153, 1.27921, 1.29661, 1.31383, 1.33084, 1.34764, 1.36424, 1.38064, 1.3968, 1.41277, 1.42852, 1.44405, 1.45938, 1.47447, 1.48935, 1.504, 1.51843, 1.53263, 1.5466, 1.56035, 1.57386, 1.58712, 1.60019, 1.613, 1.62559, 1.63794, 1.65006, 1.66194, 1.67358, 1.68499, 1.69616, 1.70709, 1.71778, 1.72823, 1.73844, 1.74842, 1.75815, 1.76764, 1.7769, 1.78591, 1.79468, 1.80322, 1.81151, 1.81957, 1.82739, 1.83497, 1.84229, 1.84941, 1.85626, 1.86292, 1.86928, 1.87238
0.00387867, -0.0336069, 0.0284556, -0.0251263, 0.0230931, 0.124784, 0.184954, 0.2299, 0.270699, 0.305004, 0.339463, 0.368514, 0.400538, 0.425948, 0.454733, 0.481681, 0.507066, 0.533543, 0.557722, 0.582482, 0.606109, 0.630532, 0.652673, 0.677012, 0.69957, 0.722202, 0.744546, 0.766588, 0.788549, 0.810152, 0.831585, 0.85278, 0.873777, 0.89452, 0.915166, 0.935245, 0.955155, 0.975676, 0.995504, 1.01508, 1.03448, 1.05377, 1.07264, 1.09153, 1.10996, 1.12857, 1.14619, 1.16491, 1.18159, 1.19804, 1.21436, 1.23048, 1.24641, 1.26215, 1.27769, 1.29302, 1.30835, 1.32326, 1.33802, 1.35259, 1.36674, 1.38092, 1.39484, 1.40856, 1.42207, 1.43537, 1.44845, 1.46132, 1.47396, 1.48663, 1.49877, 1.5108, 1.52258, 1.53415, 1.54544, 1.5579, 1.56818, 1.57918, 1.58949, 1.59982, 1.60979, 1.61962, 1.62917, 1.63853, 1.64765, 1.65655, 1.66522, 1.67367, 1.6819, 1.6899, 1.69767, 1.70523, 1.71255, 1.71966, 1.72655, 1.7332, 1.73965, 1.74586, 1.75186, 1.75475
0.00363256, -0.0314745, 0.02665, -0.023532, 0.0216278, 0.116904, 0.173255, 0.215365, 0.253562, 0.285702, 0.317951, 0.345173, 0.375128, 0.398953, 0.42585, 0.451143, 0.474891, 0.499606, 0.522343, 0.545346, 0.567756, 0.590414, 0.611168, 0.63389, 0.655137, 0.676208, 0.697162, 0.717766, 0.738308, 0.758554, 0.778703, 0.798501, 0.818069, 0.837507, 0.856812, 0.875629, 0.894516, 0.91328, 0.931963, 0.95036, 0.96834, 0.986529, 1.00419, 1.02186, 1.03913, 1.05652, 1.07304, 1.09042, 1.10721, 1.12289, 1.13814, 1.15326, 1.16819, 1.18295, 1.19749, 1.21214, 1.22437, 1.2388, 1.25253, 1.26594, 1.28147, 1.29417, 1.30738, 1.3202, 1.33288, 1.34534, 1.35761, 1.36967, 1.38169, 1.39089, 1.40326, 1.41413, 1.4253, 1.43607, 1.44673, 1.45673, 1.46712, 1.47702, 1.48685, 1.49639, 1.50577, 1.51492, 1.52387, 1.5326, 1.54113, 1.54944, 1.55754, 1.56544, 1.57312, 1.58059, 1.58786, 1.59491, 1.60175, 1.60839, 1.61481, 1.62103, 1.62704, 1.63284, 1.63844, 1.64114
0.00340259, -0.0294819, 0.0249629, -0.0220422, 0.0202586, 0.109448, 0.162223, 0.201628, 0.237402, 0.267465, 0.29767, 0.323117, 0.351184, 0.373427, 0.398668, 0.422247, 0.444504, 0.467634, 0.488893, 0.510431, 0.531425, 0.552549, 0.572054, 0.5932, 0.613077, 0.632906, 0.652359, 0.671706, 0.690944, 0.709815, 0.72869, 0.747211, 0.765558, 0.783659, 0.801746, 0.819408, 0.836922, 0.854637, 0.87212, 0.889081, 0.906218, 0.923081, 0.939655, 0.956145, 0.972298, 0.988576, 1.00402, 1.02035, 1.03556, 1.05076, 1.06493, 1.0791, 1.09306, 1.10687, 1.12051, 1.13389, 1.14779, 1.16078, 1.17374, 1.18657, 1.1985, 1.21107, 1.22324, 1.23529, 1.24713, 1.2588, 1.27027, 1.28157, 1.29262, 1.3043, 1.31473, 1.32538, 1.33568, 1.34585, 1.3558, 1.36569, 1.3752, 1.3846, 1.39377, 1.40276, 1.41154, 1.42013, 1.42853, 1.43673, 1.44473, 1.45253, 1.46014, 1.46755, 1.47476, 1.48178, 1.48857, 1.49522, 1.50162, 1.50788, 1.51389, 1.51976, 1.52538, 1.53086, 1.53609, 1.53864
0.00318247, -0.0275747, 0.023348, -0.0206163, 0.018948, 0.10242, 0.151786, 0.188669, 0.222121, 0.250261, 0.278494, 0.302319, 0.328538, 0.349378, 0.372929, 0.395023, 0.415797, 0.437479, 0.457273, 0.477547, 0.496861, 0.516889, 0.53499, 0.554936, 0.573412, 0.591882, 0.610227, 0.628242, 0.646206, 0.663906, 0.681433, 0.698799, 0.71596, 0.732956, 0.749918, 0.766081, 0.783182, 0.79912, 0.815572, 0.831638, 0.847454, 0.863231, 0.878713, 0.894128, 0.909285, 0.924452, 0.938908, 0.95413, 0.968627, 0.982987, 0.996342, 1.00957, 1.02264, 1.03556, 1.04831, 1.06093, 1.07316, 1.08547, 1.09757, 1.10948, 1.12146, 1.13301, 1.14445, 1.15571, 1.16679, 1.1777, 1.18844, 1.199, 1.2094, 1.21936, 1.22948, 1.2393, 1.24898, 1.25846, 1.26778, 1.27686, 1.28583, 1.29458, 1.30316, 1.31156, 1.31977, 1.3278, 1.33565, 1.34331, 1.35079, 1.35808, 1.36519, 1.37211, 1.37885, 1.38541, 1.39221, 1.39804, 1.40437, 1.40989, 1.41582, 1.42099, 1.42658, 1.43133, 1.43665, 1.43877
0.00297605, -0.0257862, 0.0218336, -0.0192791, 0.017719, 0.0957681, 0.141932, 0.176416, 0.207694, 0.233998, 0.260393, 0.282658, 0.307168, 0.326641, 0.348658, 0.369317, 0.388735, 0.408952, 0.427494, 0.446337, 0.464658, 0.483143, 0.500123, 0.518661, 0.536032, 0.553271, 0.570367, 0.587206, 0.603988, 0.62052, 0.636991, 0.653175, 0.669143, 0.685053, 0.700756, 0.716271, 0.731403, 0.746928, 0.76223, 0.777035, 0.791973, 0.80676, 0.821179, 0.835638, 0.849706, 0.863939, 0.877428, 0.891703, 0.904967, 0.918532, 0.931376, 0.943683, 0.955912, 0.967981, 0.979905, 0.991667, 1.00336, 1.01481, 1.02612, 1.03729, 1.04822, 1.05908, 1.06976, 1.08028, 1.09064, 1.10084, 1.11088, 1.12075, 1.13045, 1.14008, 1.14942, 1.15864, 1.16768, 1.17655, 1.18525, 1.1938, 1.20216, 1.21035, 1.21837, 1.22623, 1.2339, 1.24141, 1.24875, 1.25591, 1.2629, 1.26972, 1.27637, 1.28284, 1.28914, 1.29528, 1.30109, 1.307, 1.3125, 1.31805, 1.32322, 1.32843, 1.33325, 1.33813, 1.34259, 1.34489
0.00278029, -0.02409, 0.0203974, -0.018011, 0.0165535, 0.0894803, 0.132612, 0.164831, 0.194052, 0.218625, 0.243279, 0.264076, 0.286966, 0.305152, 0.325713, 0.344994, 0.363134, 0.38201, 0.399331, 0.41694, 0.433961, 0.451293, 0.467119, 0.484467, 0.500626, 0.516774, 0.532652, 0.548438, 0.5641, 0.579538, 0.594878, 0.610002, 0.624939, 0.639751, 0.654569, 0.668686, 0.68345, 0.697505, 0.711781, 0.725843, 0.739521, 0.753371, 0.766871, 0.780341, 0.793497, 0.806766, 0.819367, 0.832672, 0.84517, 0.857671, 0.870227, 0.881588, 0.893038, 0.904309, 0.915448, 0.926448, 0.93728, 0.947999, 0.958566, 0.968987, 0.97929, 0.989412, 0.999395, 1.00923, 1.01891, 1.02843, 1.03781, 1.04703, 1.0561, 1.06499, 1.07376, 1.08236, 1.0908, 1.09909, 1.10722, 1.11519, 1.123, 1.13065, 1.13815, 1.14548, 1.15265, 1.15967, 1.16652, 1.17321, 1.17974, 1.18611, 1.19232, 1.19837, 1.20426, 1.20998, 1.2156, 1.22096, 1.22625, 1.2313, 1.23626, 1.24099, 1.24564, 1.25005, 1.25439, 1.25643
0.00259434, -0.0224788, 0.0190332, -0.0168063, 0.0154464, 0.0835361, 0.123791, 0.153879, 0.181144, 0.204093, 0.227089, 0.246516, 0.267854, 0.284852, 0.303999, 0.32203, 0.338916, 0.356561, 0.372683, 0.389161, 0.404927, 0.421179, 0.435951, 0.452115, 0.467213, 0.482257, 0.497097, 0.511792, 0.526424, 0.540765, 0.555147, 0.569194, 0.583154, 0.596988, 0.61075, 0.624013, 0.637718, 0.650832, 0.664198, 0.677174, 0.690145, 0.702936, 0.715557, 0.727983, 0.740415, 0.752744, 0.764511, 0.776893, 0.788686, 0.800176, 0.811703, 0.822935, 0.833507, 0.844048, 0.854441, 0.864705, 0.874847, 0.884844, 0.894709, 0.904439, 0.914021, 0.923478, 0.932793, 0.941969, 0.951004, 0.959898, 0.96865, 0.977258, 0.985722, 0.994053, 1.00222, 1.01025, 1.01814, 1.02587, 1.03346, 1.0409, 1.04819, 1.05534, 1.06233, 1.06918, 1.07587, 1.08242, 1.08882, 1.09506, 1.10116, 1.10711, 1.1129, 1.11855, 1.12404, 1.12939, 1.13456, 1.13963, 1.14451, 1.14927, 1.15385, 1.15832, 1.16261, 1.16677, 1.17076, 1.1727
0.00242027, -0.0209705, 0.0177561, -0.0156787, 0.01441, 0.0778992, 0.115456, 0.143506, 0.168946, 0.190333, 0.211792, 0.229885, 0.249806, 0.265619, 0.283515, 0.300258, 0.316042, 0.332476, 0.347516, 0.362859, 0.377585, 0.392713, 0.406467, 0.421557, 0.435575, 0.449599, 0.463502, 0.477162, 0.490773, 0.5042, 0.517469, 0.530664, 0.543659, 0.556547, 0.569398, 0.581712, 0.594529, 0.606729, 0.619166, 0.631306, 0.643316, 0.655279, 0.667029, 0.67866, 0.690187, 0.701692, 0.712655, 0.724203, 0.73515, 0.745926, 0.756655, 0.767415, 0.777206, 0.787049, 0.796737, 0.80631, 0.815755, 0.825079, 0.834278, 0.843349, 0.852297, 0.861112, 0.869798, 0.878354, 0.886779, 0.895072, 0.903233, 0.911259, 0.919152, 0.926906, 0.93453, 0.942016, 0.949366, 0.956579, 0.963655, 0.970592, 0.977391, 0.984052, 0.990574, 0.996956, 1.0032, 1.0092, 1.01522, 1.02101, 1.02672, 1.03224, 1.03766, 1.04291, 1.04804, 1.05302, 1.05788, 1.06257, 1.06714, 1.07156, 1.07586, 1.08, 1.08402, 1.08788, 1.09163, 1.09342
0.00225377, -0.0195279, 0.0165346, -0.0146001, 0.0134186, 0.0725723, 0.107556, 0.133696, 0.15739, 0.177321, 0.197302, 0.214166, 0.232704, 0.247452, 0.264091, 0.279734, 0.2944, 0.309687, 0.323719, 0.337959, 0.351782, 0.365775, 0.378599, 0.392619, 0.405727, 0.418786, 0.43163, 0.4444, 0.457092, 0.469529, 0.482028, 0.494201, 0.506302, 0.518324, 0.530219, 0.541884, 0.55337, 0.565059, 0.576582, 0.587899, 0.599062, 0.610214, 0.621154, 0.631966, 0.642685, 0.653422, 0.663619, 0.674397, 0.684443, 0.694681, 0.704532, 0.714684, 0.724022, 0.733148, 0.742182, 0.751097, 0.7599, 0.768585, 0.777154, 0.785604, 0.793935, 0.802148, 0.810239, 0.818209, 0.826058, 0.833783, 0.841384, 0.848862, 0.856214, 0.863442, 0.870543, 0.877517, 0.884364, 0.891083, 0.897674, 0.904137, 0.910471, 0.916676, 0.922751, 0.928697, 0.934512, 0.940241, 0.945771, 0.951212, 0.956498, 0.961669, 0.966699, 0.971606, 0.976377, 0.981023, 0.985531, 0.989918, 0.994168, 0.998295, 1.00229, 1.00616, 1.00989, 1.0135, 1.01698, 1.01866
0.00209708, -0.0181703, 0.0153851, -0.0135851, 0.0124858, 0.067522, 0.100081, 0.124402, 0.146456, 0.164997, 0.183594, 0.199276, 0.216534, 0.230238, 0.245737, 0.260252, 0.273927, 0.288133, 0.301182, 0.314414, 0.327296, 0.340289, 0.352238, 0.365231, 0.377432, 0.389579, 0.401561, 0.413413, 0.425208, 0.436828, 0.448345, 0.459754, 0.47097, 0.482146, 0.493229, 0.504016, 0.51485, 0.525587, 0.536352, 0.546748, 0.557232, 0.5676, 0.577758, 0.587818, 0.597788, 0.607762, 0.617248, 0.627259, 0.636653, 0.646098, 0.65532, 0.664653, 0.67358, 0.682024, 0.690437, 0.698729, 0.706916, 0.714996, 0.722966, 0.730827, 0.738579, 0.746218, 0.753745, 0.761159, 0.768459, 0.775645, 0.782717, 0.789672, 0.796511, 0.803233, 0.809838, 0.816326, 0.822695, 0.828945, 0.835076, 0.841087, 0.846979, 0.85275, 0.858402, 0.863932, 0.869342, 0.874613, 0.879791, 0.884831, 0.88976, 0.894561, 0.899245, 0.903804, 0.908245, 0.912562, 0.916762, 0.920836, 0.924794, 0.928628, 0.932344, 0.935937, 0.939414, 0.942768, 0.946007, 0.947566
0.00194786, -0.0168773, 0.0142903, -0.0126184, 0.0115973, 0.0627428, 0.0929977, 0.115605, 0.136097, 0.153332, 0.170609, 0.185187, 0.201214, 0.213956, 0.228343, 0.241847, 0.254528, 0.26773, 0.279863, 0.292154, 0.304063, 0.31619, 0.327255, 0.339386, 0.350681, 0.361958, 0.373074, 0.384092, 0.395046, 0.405785, 0.416566, 0.42708, 0.437549, 0.447909, 0.458251, 0.468117, 0.478505, 0.488246, 0.498241, 0.508027, 0.517662, 0.52726, 0.536689, 0.546043, 0.555328, 0.564564, 0.573383, 0.582654, 0.591505, 0.600101, 0.608748, 0.617368, 0.626028, 0.633789, 0.641625, 0.649327, 0.656937, 0.664445, 0.671853, 0.679159, 0.686361, 0.693461, 0.700456, 0.707346, 0.714131, 0.72081, 0.727381, 0.733845, 0.740201, 0.746449, 0.752588, 0.758617, 0.764536, 0.770344, 0.776042, 0.78163, 0.787105, 0.792469, 0.797721, 0.802861, 0.807889, 0.812812, 0.81761, 0.822303, 0.826879, 0.831345, 0.835696, 0.839936, 0.844062, 0.848076, 0.851977, 0.855767, 0.859443, 0.863008, 0.866461, 0.869803, 0.873033, 0.876153, 0.879161, 0.880572
0.00180703, -0.0156571, 0.0132572, -0.0117061, 0.0107588, 0.0582118, 0.0862905, 0.10727, 0.126289, 0.142283, 0.158316, 0.171842, 0.186714, 0.198535, 0.211885, 0.224407, 0.236176, 0.248427, 0.25966, 0.27109, 0.282139, 0.293362, 0.303641, 0.314864, 0.325354, 0.335813, 0.346129, 0.356343, 0.366501, 0.376482, 0.386442, 0.396228, 0.405909, 0.415543, 0.425061, 0.434438, 0.443575, 0.452969, 0.462189, 0.471233, 0.480176, 0.48911, 0.497875, 0.50653, 0.5151, 0.523703, 0.531869, 0.540502, 0.548523, 0.556757, 0.56465, 0.572701, 0.580444, 0.588091, 0.595271, 0.602435, 0.609491, 0.616458, 0.623331, 0.630108, 0.636791, 0.643377, 0.649867, 0.65626, 0.662554, 0.66875, 0.674847, 0.680844, 0.686741, 0.692537, 0.698232, 0.703825, 0.709316, 0.714705, 0.719991, 0.725175, 0.730255, 0.735231, 0.740103, 0.744872, 0.749536, 0.754093, 0.75855, 0.7629, 0.767147, 0.771289, 0.775326, 0.779259, 0.783087, 0.78681, 0.79043, 0.793944, 0.797356, 0.800662, 0.803866, 0.806965, 0.809962, 0.812856, 0.815647, 0.817009
0.00167367, -0.0145016, 0.0122787, -0.0108421, 0.00996477, 0.0539181, 0.0799363, 0.0993709, 0.116998, 0.131812, 0.146674, 0.159198, 0.172986, 0.183921, 0.196308, 0.207877, 0.2188, 0.23013, 0.240564, 0.251102, 0.261392, 0.271746, 0.281287, 0.291638, 0.301379, 0.311067, 0.320611, 0.330078, 0.339468, 0.348736, 0.357939, 0.367013, 0.375981, 0.384844, 0.393711, 0.402307, 0.410984, 0.419515, 0.428098, 0.436389, 0.444744, 0.453003, 0.461098, 0.469077, 0.477101, 0.485016, 0.492587, 0.500563, 0.508071, 0.515581, 0.522943, 0.530382, 0.537627, 0.544849, 0.551466, 0.558111, 0.564646, 0.571101, 0.577467, 0.583747, 0.589938, 0.59604, 0.602052, 0.607975, 0.613806, 0.619546, 0.625195, 0.630751, 0.636214, 0.641584, 0.64686, 0.652042, 0.657129, 0.662122, 0.66702, 0.671822, 0.676528, 0.681138, 0.685653, 0.690071, 0.694392, 0.698618, 0.702746, 0.706777, 0.710711, 0.714549, 0.718289, 0.721933, 0.72548, 0.72893, 0.732283, 0.73554, 0.7387, 0.741764, 0.744732, 0.747604, 0.750381, 0.753062, 0.755648, 0.756886
0.00154646, -0.0133994, 0.0113455, -0.0100181, 0.0092074, 0.0498542, 0.0739108, 0.0918936, 0.108191, 0.121902, 0.135638, 0.147233, 0.159969, 0.170102, 0.181529, 0.192265, 0.202338, 0.212824, 0.222452, 0.232222, 0.241671, 0.251302, 0.260089, 0.269723, 0.278683, 0.287633, 0.296462, 0.305205, 0.313905, 0.322424, 0.330973, 0.339322, 0.347628, 0.355868, 0.364063, 0.371907, 0.38011, 0.387914, 0.395789, 0.40356, 0.411199, 0.418815, 0.426297, 0.433804, 0.44106, 0.448415, 0.455411, 0.462767, 0.469785, 0.476611, 0.483481, 0.49031, 0.497063, 0.503635, 0.509993, 0.516087, 0.522142, 0.528108, 0.533996, 0.539803, 0.545528, 0.55117, 0.55673, 0.562207, 0.567599, 0.572908, 0.578131, 0.583268, 0.58832, 0.593286, 0.598165, 0.602957, 0.607661, 0.612278, 0.616807, 0.621248, 0.6256, 0.629863, 0.634038, 0.638123, 0.642119, 0.646025, 0.649843, 0.65357, 0.657209, 0.660757, 0.664216, 0.667585, 0.670865, 0.674056, 0.677156, 0.680168, 0.68309, 0.685924, 0.688668, 0.691324, 0.693892, 0.696371, 0.698763, 0.699919
0.00142636, -0.0123588, 0.0104644, -0.00924008, 0.00849234, 0.0460007, 0.068204, 0.0848054, 0.09985, 0.112509, 0.125188, 0.135893, 0.147647, 0.157003, 0.167545, 0.17745, 0.186744, 0.196438, 0.205296, 0.214357, 0.223004, 0.23193, 0.240046, 0.248917, 0.257172, 0.265441, 0.273624, 0.281667, 0.289675, 0.297581, 0.305383, 0.313151, 0.320805, 0.32838, 0.335942, 0.343226, 0.350711, 0.357944, 0.365236, 0.372352, 0.379437, 0.386473, 0.393357, 0.400231, 0.407002, 0.413766, 0.42022, 0.427021, 0.433404, 0.440055, 0.446059, 0.452469, 0.458582, 0.464722, 0.470556, 0.476182, 0.481768, 0.487272, 0.492705, 0.498062, 0.503344, 0.50855, 0.513679, 0.518732, 0.523707, 0.528604, 0.533423, 0.538162, 0.542823, 0.547404, 0.551905, 0.556326, 0.560666, 0.564925, 0.569103, 0.5732, 0.577215, 0.581148, 0.584999, 0.588767, 0.592454, 0.596058, 0.599579, 0.603018, 0.606374, 0.609647, 0.612838, 0.615946, 0.618971, 0.621913, 0.624773, 0.627551, 0.630247, 0.63286, 0.635391, 0.637841, 0.640209, 0.642495, 0.644701, 0.645761
0.00131315, -0.0113778, 0.00963382, -0.00850667, 0.00781828, 0.042346, 0.0628002, 0.0780869, 0.0919514, 0.103607, 0.115294, 0.125146, 0.135984, 0.144587, 0.154315, 0.163423, 0.171997, 0.180902, 0.189081, 0.197375, 0.205455, 0.213587, 0.221065, 0.229225, 0.236861, 0.244458, 0.251934, 0.259376, 0.266765, 0.273996, 0.281279, 0.288351, 0.295401, 0.3024, 0.30932, 0.316124, 0.322789, 0.329614, 0.336306, 0.342824, 0.349365, 0.355855, 0.362206, 0.368549, 0.374721, 0.380978, 0.386913, 0.393182, 0.399012, 0.405047, 0.410726, 0.416572, 0.422267, 0.427812, 0.433563, 0.438774, 0.443916, 0.448991, 0.453997, 0.458934, 0.463802, 0.4686, 0.473328, 0.477985, 0.48257, 0.487084, 0.491525, 0.495894, 0.50019, 0.504413, 0.508562, 0.512637, 0.516637, 0.520564, 0.524415, 0.528191, 0.531892, 0.535518, 0.539068, 0.542543, 0.545941, 0.549264, 0.552511, 0.555681, 0.558776, 0.561794, 0.564736, 0.567602, 0.570392, 0.573105, 0.575743, 0.578305, 0.580791, 0.583201, 0.585536, 0.587796, 0.58998, 0.59209, 0.594125, 0.595106
0.00120477, -0.0104388, 0.00883874, -0.00780461, 0.00717302, 0.0388901, 0.0576742, 0.0717277, 0.0844616, 0.0951812, 0.105912, 0.114978, 0.124922, 0.132847, 0.141758, 0.15015, 0.158004, 0.166209, 0.173701, 0.18137, 0.188653, 0.196228, 0.203085, 0.210598, 0.217564, 0.224557, 0.231488, 0.23828, 0.24505, 0.251737, 0.258318, 0.264892, 0.271366, 0.277767, 0.28418, 0.290265, 0.29675, 0.30276, 0.308921, 0.314974, 0.320935, 0.326865, 0.332697, 0.338508, 0.344228, 0.349937, 0.355398, 0.361123, 0.366632, 0.371881, 0.377289, 0.382609, 0.387878, 0.39302, 0.398019, 0.403032, 0.407704, 0.412376, 0.416971, 0.421506, 0.425977, 0.430383, 0.434725, 0.439002, 0.443213, 0.447358, 0.451437, 0.455449, 0.459394, 0.463272, 0.467082, 0.470824, 0.474498, 0.478104, 0.481641, 0.485109, 0.488507, 0.491837, 0.495097, 0.498288, 0.501409, 0.50446, 0.507441, 0.510352, 0.513194, 0.515965, 0.518667, 0.521298, 0.52386, 0.526352, 0.528774, 0.531126, 0.533408, 0.535622, 0.537765, 0.53984, 0.541845, 0.543782, 0.54565, 0.546549
0.00110352, -0.00956148, 0.00809587, -0.00714866, 0.00657016, 0.0356087, 0.0528272, 0.0656972, 0.0773773, 0.0871923, 0.09704, 0.105335, 0.114467, 0.121705, 0.129905, 0.137555, 0.144783, 0.15228, 0.159168, 0.166146, 0.172931, 0.179788, 0.186078, 0.192947, 0.19936, 0.205746, 0.212065, 0.21831, 0.224521, 0.230619, 0.236706, 0.242682, 0.248612, 0.254485, 0.260343, 0.265997, 0.271723, 0.277409, 0.282999, 0.288546, 0.294006, 0.29942, 0.304788, 0.310123, 0.315306, 0.320578, 0.325571, 0.330831, 0.33579, 0.340757, 0.345607, 0.350506, 0.355307, 0.360012, 0.364732, 0.369336, 0.373612, 0.377895, 0.382106, 0.386262, 0.390359, 0.394398, 0.398377, 0.402296, 0.406156, 0.409955, 0.413693, 0.417371, 0.420986, 0.424541, 0.428033, 0.431463, 0.43483, 0.438135, 0.441376, 0.444555, 0.44767, 0.450722, 0.45371, 0.456635, 0.459495, 0.462292, 0.465025, 0.467693, 0.470298, 0.472839, 0.475315, 0.477727, 0.480076, 0.48236, 0.48458, 0.486736, 0.488829, 0.490858, 0.492823, 0.494725, 0.496564, 0.49834, 0.500053, 0.500878
0.00100648, -0.00872073, 0.007384, -0.00652007, 0.00599243, 0.0325085, 0.0482309, 0.0599943, 0.0706617, 0.0796373, 0.0886293, 0.0962181, 0.104552, 0.111181, 0.118652, 0.125668, 0.132249, 0.139116, 0.145384, 0.151804, 0.157906, 0.164236, 0.169976, 0.176257, 0.182096, 0.187939, 0.193727, 0.199416, 0.205083, 0.210667, 0.216191, 0.221676, 0.227086, 0.23245, 0.237792, 0.242919, 0.248281, 0.253335, 0.258509, 0.263534, 0.268539, 0.273522, 0.278383, 0.28324, 0.288028, 0.292794, 0.297361, 0.30216, 0.306699, 0.31136, 0.315628, 0.320142, 0.324526, 0.328748, 0.333038, 0.337221, 0.341339, 0.345204, 0.349062, 0.352856, 0.3566, 0.360289, 0.363925, 0.367506, 0.371032, 0.374502, 0.377918, 0.381277, 0.384581, 0.387828, 0.391018, 0.394152, 0.397228, 0.400248, 0.403209, 0.406114, 0.40896, 0.411748, 0.414478, 0.41715, 0.419764, 0.422319, 0.424816, 0.427254, 0.429634, 0.431956, 0.434218, 0.436422, 0.438568, 0.440655, 0.442693, 0.444656, 0.446575, 0.448423, 0.450225, 0.451957, 0.453643, 0.455237, 0.456836, 0.457569
0.000915363, -0.00793121, 0.0067155, -0.00592979, 0.00544991, 0.0295705, 0.0438847, 0.0545928, 0.0643095, 0.072482, 0.0806745, 0.0875834, 0.0951776, 0.10121, 0.10802, 0.114409, 0.120403, 0.126645, 0.132366, 0.138184, 0.143796, 0.149519, 0.154745, 0.160464, 0.165779, 0.171112, 0.176335, 0.181543, 0.186704, 0.191777, 0.196825, 0.201799, 0.206725, 0.211607, 0.216473, 0.221162, 0.225961, 0.230645, 0.235311, 0.239908, 0.244449, 0.248962, 0.253396, 0.257838, 0.262146, 0.266526, 0.270673, 0.275055, 0.279115, 0.283347, 0.287306, 0.291452, 0.29507, 0.301363, 0.302761, 0.30709, 0.31075, 0.314289, 0.317797, 0.321253, 0.324663, 0.328011, 0.331324, 0.334583, 0.337794, 0.340954, 0.344064, 0.347123, 0.350131, 0.353087, 0.355992, 0.358846, 0.361647, 0.364396, 0.367093, 0.369737, 0.372329, 0.374868, 0.377354, 0.379787, 0.382167, 0.384493, 0.386767, 0.388987, 0.391155, 0.393268, 0.395329, 0.397336, 0.39929, 0.401191, 0.403033, 0.404832, 0.406569, 0.408261, 0.409893, 0.41148, 0.413006, 0.414503, 0.415907, 0.416607
0.000819311, -0.00709897, 0.00601082, -0.00530756, 0.00487787, 0.0268483, 0.0397164, 0.0494847, 0.0582991, 0.0657153, 0.0731479, 0.0794185, 0.0863074, 0.0917828, 0.0979588, 0.103754, 0.109192, 0.114861, 0.120042, 0.125335, 0.13039, 0.135605, 0.140345, 0.145528, 0.150354, 0.15517, 0.159961, 0.164645, 0.169324, 0.173931, 0.178495, 0.183017, 0.187483, 0.191905, 0.196328, 0.200554, 0.204957, 0.209151, 0.21341, 0.217562, 0.22169, 0.225791, 0.229823, 0.233818, 0.23777, 0.2417, 0.245472, 0.249416, 0.253234, 0.256833, 0.260581, 0.26421, 0.268084, 0.270062, 0.275219, 0.278296, 0.281869, 0.285082, 0.288264, 0.2914, 0.294491, 0.297546, 0.300547, 0.303505, 0.306418, 0.309285, 0.312106, 0.314882, 0.317611, 0.320293, 0.322929, 0.325518, 0.32806, 0.330554, 0.333001, 0.3354, 0.337752, 0.340056, 0.342312, 0.34452, 0.346679, 0.348793, 0.350855, 0.35287, 0.354837, 0.356755, 0.358625, 0.360447, 0.36222, 0.363945, 0.365626, 0.367251, 0.368835, 0.370365, 0.371852, 0.373287, 0.374678, 0.376008, 0.377316, 0.377931
0.000744975, -0.00645488, 0.00546546, -0.004826, 0.0044354, 0.0241811, 0.0358712, 0.0446542, 0.0526193, 0.0593164, 0.0660354, 0.0716969, 0.0779266, 0.0828668, 0.0884552, 0.0936779, 0.0985999, 0.103717, 0.108402, 0.113171, 0.117761, 0.122454, 0.126734, 0.131416, 0.135773, 0.140127, 0.144421, 0.148676, 0.152902, 0.157057, 0.161184, 0.165258, 0.169288, 0.173284, 0.177269, 0.181105, 0.185038, 0.188885, 0.19268, 0.196467, 0.200169, 0.203841, 0.207484, 0.21112, 0.214638, 0.218228, 0.221623, 0.225201, 0.228558, 0.231964, 0.235237, 0.238647, 0.24145, 0.247661, 0.24769, 0.251463, 0.254406, 0.25748, 0.260313, 0.263155, 0.265945, 0.268694, 0.271407, 0.274078, 0.276709, 0.279299, 0.281847, 0.284353, 0.286818, 0.289241, 0.291623, 0.293961, 0.296257, 0.29851, 0.30072, 0.302887, 0.305011, 0.307092, 0.30913, 0.311124, 0.313078, 0.314829, 0.316784, 0.318546, 0.320358, 0.322065, 0.323771, 0.325403, 0.327013, 0.328563, 0.330081, 0.331548, 0.332978, 0.334359, 0.335702, 0.336997, 0.338254, 0.339468, 0.340633, 0.341198
0.000671799, -0.00582084, 0.00492861, -0.00435196, 0.00399978, 0.0216799, 0.0322224, 0.0400941, 0.0472527, 0.053275, 0.0593148, 0.0644074, 0.0700066, 0.0744521, 0.0794715, 0.0841759, 0.0885942, 0.0931971, 0.0974049, 0.101701, 0.105809, 0.11004, 0.113888, 0.118094, 0.122008, 0.125926, 0.129804, 0.133609, 0.137405, 0.141142, 0.144849, 0.148518, 0.152142, 0.155733, 0.159308, 0.162747, 0.166317, 0.169708, 0.173181, 0.176533, 0.179892, 0.183235, 0.18649, 0.189734, 0.192947, 0.196129, 0.199188, 0.202395, 0.205445, 0.208551, 0.211419, 0.214387, 0.217643, 0.218371, 0.22346, 0.225791, 0.228703, 0.231414, 0.233972, 0.236525, 0.239033, 0.241511, 0.243949, 0.246351, 0.248716, 0.251044, 0.253335, 0.255588, 0.257805, 0.259983, 0.262123, 0.264225, 0.266289, 0.268315, 0.270302, 0.272251, 0.274161, 0.276032, 0.277865, 0.279658, 0.28141, 0.283236, 0.284847, 0.286525, 0.288098, 0.289674, 0.291182, 0.292672, 0.294107, 0.295515, 0.296875, 0.298202, 0.299485, 0.300734, 0.301939, 0.30311, 0.304238, 0.305327, 0.306383, 0.306888
0.000596393, -0.00516748, 0.0043754, -0.00386348, 0.00355078, 0.0193578, 0.0287432, 0.0357904, 0.0421902, 0.0475726, 0.0529747, 0.0575264, 0.0625358, 0.0665074, 0.0709995, 0.0752042, 0.0791593, 0.0832642, 0.087035, 0.0908515, 0.0945808, 0.0983179, 0.101758, 0.105511, 0.109026, 0.112516, 0.115943, 0.119371, 0.122763, 0.126104, 0.129427, 0.13269, 0.135905, 0.139123, 0.142292, 0.145438, 0.148467, 0.151637, 0.15469, 0.157689, 0.160681, 0.163643, 0.166556, 0.169467, 0.172287, 0.175167, 0.177889, 0.180767, 0.18342, 0.186207, 0.188812, 0.191537, 0.193891, 0.198037, 0.198965, 0.201798, 0.20421, 0.206651, 0.20906, 0.21131, 0.21356, 0.215767, 0.217946, 0.220092, 0.222206, 0.224286, 0.226333, 0.228347, 0.230327, 0.232273, 0.234187, 0.236065, 0.23791, 0.23972, 0.241496, 0.243237, 0.244944, 0.246616, 0.248253, 0.249856, 0.251425, 0.252877, 0.254422, 0.255855, 0.257301, 0.258681, 0.260047, 0.261363, 0.262655, 0.263904, 0.265123, 0.266304, 0.267453, 0.268565, 0.269644, 0.270686, 0.271697, 0.272673, 0.273611, 0.274065
0.00052342, -0.0045352, 0.00384003, -0.00339075, 0.00311623, 0.0171823, 0.0254542, 0.0317369, 0.0374194, 0.0422007, 0.0469991, 0.0510438, 0.0554936, 0.0590238, 0.0630124, 0.0667463, 0.0702549, 0.0739188, 0.0772544, 0.0806791, 0.0839089, 0.0872915, 0.0903498, 0.0936885, 0.0967963, 0.0999074, 0.102986, 0.10601, 0.109026, 0.111977, 0.11494, 0.117836, 0.120736, 0.123572, 0.126442, 0.129112, 0.132044, 0.134669, 0.137422, 0.140111, 0.142762, 0.145405, 0.147998, 0.150577, 0.153131, 0.155656, 0.158087, 0.160622, 0.163098, 0.165396, 0.167814, 0.170141, 0.172683, 0.173753, 0.177267, 0.179216, 0.181503, 0.183651, 0.185775, 0.187779, 0.189778, 0.191745, 0.193682, 0.19559, 0.197469, 0.199319, 0.201139, 0.20293, 0.204691, 0.206422, 0.208122, 0.209793, 0.211434, 0.213044, 0.214623, 0.216172, 0.217691, 0.219178, 0.220635, 0.222061, 0.223454, 0.22488, 0.226177, 0.227502, 0.228758, 0.230008, 0.23121, 0.232393, 0.233536, 0.234655, 0.235738, 0.236793, 0.237815, 0.238808, 0.239768, 0.240699, 0.241598, 0.242466, 0.243306, 0.243709
0.000469763, -0.00407028, 0.00344638, -0.00304316, 0.00279693, 0.0150513, 0.0224473, 0.0279219, 0.0329333, 0.0371441, 0.0413795, 0.0449403, 0.0488717, 0.0519751, 0.0555041, 0.0587871, 0.061898, 0.0650954, 0.0680668, 0.0710272, 0.0739914, 0.076883, 0.0795768, 0.0824964, 0.0852586, 0.0879856, 0.090663, 0.0933363, 0.0959844, 0.0986114, 0.101193, 0.103753, 0.10624, 0.108764, 0.111212, 0.11372, 0.116002, 0.118539, 0.120926, 0.123246, 0.125593, 0.12791, 0.130175, 0.132442, 0.134637, 0.136886, 0.139008, 0.14126, 0.143285, 0.145594, 0.147518, 0.149672, 0.151524, 0.154498, 0.15551, 0.157672, 0.15957, 0.161468, 0.16339, 0.165203, 0.166948, 0.168678, 0.170381, 0.17206, 0.173712, 0.175339, 0.17694, 0.178515, 0.180063, 0.181585, 0.183082, 0.184551, 0.185993, 0.187409, 0.188798, 0.19016, 0.191495, 0.192803, 0.194084, 0.195337, 0.196565, 0.197713, 0.198915, 0.20004, 0.201169, 0.202255, 0.203319, 0.204347, 0.20536, 0.206336, 0.207291, 0.208214, 0.209114, 0.209983, 0.210829, 0.211644, 0.212436, 0.213198, 0.213934, 0.214289
0.000400716, -0.00347203, 0.00293983, -0.00259587, 0.0023857, 0.0131599, 0.019517, 0.0243451, 0.0287175, 0.0324012, 0.0360967, 0.0392164, 0.0426435, 0.0453697, 0.0484379, 0.0513305, 0.0540233, 0.0568602, 0.059422, 0.062074, 0.0645582, 0.0671704, 0.0695275, 0.0721223, 0.0745053, 0.0769059, 0.0792868, 0.0816297, 0.083956, 0.0862265, 0.0885139, 0.0907504, 0.0930097, 0.0951969, 0.0974116, 0.0994808, 0.101723, 0.103757, 0.105877, 0.10795, 0.110001, 0.112049, 0.114057, 0.116056, 0.118029, 0.119987, 0.121865, 0.123828, 0.125731, 0.127522, 0.129372, 0.131203, 0.13295, 0.135129, 0.136422, 0.138224, 0.139922, 0.141595, 0.143227, 0.144847, 0.146372, 0.147896, 0.14939, 0.150865, 0.152316, 0.153745, 0.155151, 0.156535, 0.157896, 0.159233, 0.160548, 0.161839, 0.163107, 0.164352, 0.165573, 0.166771, 0.167945, 0.169095, 0.170222, 0.171325, 0.172403, 0.173501, 0.174507, 0.175531, 0.176505, 0.177467, 0.178402, 0.179319, 0.180203, 0.181071, 0.18191, 0.182728, 0.18352, 0.18429, 0.185034, 0.185758, 0.186455, 0.187129, 0.187781, 0.188094
0.000348928, -0.0030233, 0.00255988, -0.00226038, 0.00207744, 0.0113169, 0.016848, 0.0209812, 0.0247752, 0.0279522, 0.0311557, 0.0338428, 0.0368194, 0.0391587, 0.0418314, 0.0443028, 0.0466611, 0.0490662, 0.0513127, 0.0535413, 0.0557784, 0.0579587, 0.0599847, 0.0621687, 0.0642555, 0.066312, 0.0683159, 0.0703115, 0.0723004, 0.0742848, 0.0762268, 0.0781488, 0.079992, 0.0818783, 0.0837274, 0.0855608, 0.0873235, 0.0891958, 0.0910779, 0.0927793, 0.0945127, 0.0962498, 0.0979458, 0.0996301, 0.101273, 0.102937, 0.104578, 0.106254, 0.107727, 0.109472, 0.110913, 0.112502, 0.114063, 0.115201, 0.117113, 0.118496, 0.119975, 0.12139, 0.122829, 0.124238, 0.125538, 0.126841, 0.128121, 0.129383, 0.130625, 0.131847, 0.133051, 0.134234, 0.135398, 0.136542, 0.137666, 0.13877, 0.139854, 0.140918, 0.141962, 0.142985, 0.143988, 0.144971, 0.145933, 0.146875, 0.147797, 0.14866, 0.149562, 0.150408, 0.151255, 0.152071, 0.15287, 0.153642, 0.154402, 0.155135, 0.155852, 0.156545, 0.157221, 0.157873, 0.158507, 0.159115, 0.159713, 0.160281, 0.160838, 0.161101
0.000292876, -0.00253764, 0.00214866, -0.00189727, 0.00174365, 0.00964309, 0.0143127, 0.0178666, 0.0210888, 0.0238054, 0.0265338, 0.0288372, 0.0313717, 0.0333858, 0.0356579, 0.037798, 0.0397901, 0.041901, 0.0437967, 0.0457649, 0.0476089, 0.0495661, 0.0513035, 0.0532424, 0.0550159, 0.0567873, 0.0585818, 0.0603356, 0.0620744, 0.0637523, 0.0654474, 0.0671153, 0.0688167, 0.0704784, 0.0721152, 0.0737007, 0.075337, 0.0768647, 0.0783879, 0.0799614, 0.0814873, 0.0830298, 0.0845239, 0.0860432, 0.0875189, 0.0890036, 0.0903642, 0.0918305, 0.0933124, 0.0946263, 0.0960129, 0.0974037, 0.0985401, 0.101231, 0.101065, 0.102644, 0.103854, 0.105111, 0.106322, 0.107532, 0.108723, 0.109843, 0.110961, 0.112058, 0.11314, 0.114206, 0.115254, 0.116286, 0.117301, 0.118299, 0.11928, 0.120244, 0.12119, 0.12212, 0.123032, 0.123927, 0.124804, 0.125664, 0.126501, 0.127329, 0.128134, 0.128956, 0.129709, 0.130476, 0.131206, 0.131927, 0.132628, 0.133316, 0.13398, 0.134631, 0.135261, 0.135876, 0.136472, 0.137051, 0.137612, 0.138161, 0.138682, 0.139195, 0.139682, 0.139922
0.000248021, -0.00214899, 0.00181959, -0.0016067, 0.00147666, 0.00804775, 0.0119985, 0.0149495, 0.0176669, 0.0199422, 0.0222397, 0.024166, 0.0262965, 0.027977, 0.0298828, 0.0316606, 0.0333341, 0.0350528, 0.0366439, 0.0382353, 0.0398275, 0.041339, 0.0428114, 0.0443243, 0.0457995, 0.0472785, 0.0486668, 0.0500624, 0.0514414, 0.0528548, 0.0542374, 0.0555957, 0.0568605, 0.0581538, 0.0594508, 0.0607078, 0.0619539, 0.0632924, 0.064615, 0.0658168, 0.0670587, 0.0682543, 0.0694434, 0.0705867, 0.0717303, 0.0728759, 0.0740164, 0.0752238, 0.0760147, 0.0774567, 0.078426, 0.079523, 0.0807828, 0.0805117, 0.0829929, 0.0837288, 0.084828, 0.0858047, 0.0868339, 0.087816, 0.0887797, 0.0896859, 0.0905915, 0.0914797, 0.0923553, 0.0932168, 0.0940645, 0.0948966, 0.0957167, 0.096522, 0.0973135, 0.0980904, 0.0988531, 0.0996014, 0.100335, 0.101055, 0.10176, 0.10245, 0.103132, 0.10379, 0.104439, 0.10504, 0.105676, 0.106267, 0.106862, 0.107434, 0.107994, 0.108533, 0.109066, 0.109578, 0.110079, 0.110564, 0.111035, 0.111491, 0.111933, 0.112356, 0.112773, 0.113167, 0.113556, 0.113738
0.000202739, -0.00175664, 0.00148738, -0.00131336, 0.00120705, 0.00659653, 0.00983638, 0.0122738, 0.0145011, 0.0163681, 0.0182677, 0.0198557, 0.0216306, 0.0230183, 0.0246194, 0.0260958, 0.0275194, 0.0289832, 0.0303435, 0.0317163, 0.0330147, 0.0344597, 0.0356293, 0.0370586, 0.0383316, 0.0395578, 0.0408561, 0.042142, 0.0434059, 0.0446036, 0.0457731, 0.0469733, 0.0482145, 0.0494582, 0.0506472, 0.0518211, 0.0529892, 0.0540679, 0.0551441, 0.0562544, 0.0573413, 0.0584606, 0.0595501, 0.060639, 0.0617623, 0.0628484, 0.0638406, 0.0648691, 0.0662108, 0.0669135, 0.0679576, 0.0689845, 0.0695827, 0.0729445, 0.0713043, 0.0727515, 0.0735464, 0.0744574, 0.0753121, 0.0761815, 0.0769933, 0.0778036, 0.0785991, 0.0793842, 0.0801576, 0.0809196, 0.0816698, 0.0824101, 0.0831366, 0.0838521, 0.0845553, 0.085247, 0.0859266, 0.0865944, 0.0872501, 0.0878938, 0.0885255, 0.0891452, 0.089747, 0.0903451, 0.0909259, 0.0915281, 0.0920683, 0.0926264, 0.0931534, 0.0936774, 0.0941859, 0.0946876, 0.0951699, 0.0956454, 0.0961049, 0.0965548, 0.0969902, 0.0974156, 0.0978268, 0.0982315, 0.0986145, 0.0989947, 0.0993536, 0.0995325
0.000161927, -0.00140302, 0.00118797, -0.00104897, 0.000964071, 0.00526209, 0.00785708, 0.00979387, 0.0115839, 0.0130911, 0.0145985, 0.0158744, 0.0172556, 0.0183747, 0.0195924, 0.0207764, 0.0218149, 0.0229551, 0.0239415, 0.0249516, 0.0260172, 0.026771, 0.0279578, 0.0287509, 0.0296472, 0.0306186, 0.0314704, 0.0322838, 0.0330944, 0.0339655, 0.0348695, 0.0357172, 0.036466, 0.0371874, 0.0379469, 0.0386771, 0.039423, 0.0402733, 0.0411079, 0.0418666, 0.0426446, 0.043362, 0.0440649, 0.0447617, 0.0453763, 0.0460375, 0.0467175, 0.0474724, 0.0476509, 0.0487694, 0.0493031, 0.0499354, 0.0509151, 0.0493906, 0.0523622, 0.0525174, 0.0532629, 0.0538572, 0.0545064, 0.0551077, 0.0557757, 0.0563437, 0.0569028, 0.0574531, 0.0579945, 0.0585258, 0.0590495, 0.0595621, 0.0600677, 0.0605634, 0.0610503, 0.0615276, 0.0619958, 0.0624546, 0.0629041, 0.0633441, 0.0637748, 0.0641958, 0.0646135, 0.0650127, 0.065408, 0.065758, 0.0661514, 0.0665034, 0.0668658, 0.0672089, 0.067546, 0.0678677, 0.0681876, 0.0684921, 0.0687912, 0.069078, 0.0693578, 0.0696259, 0.0698867, 0.0701321, 0.0703783, 0.0706054, 0.0708329, 0.0709363
0.000122775, -0.00106379, 0.000900728, -0.000795344, 0.00073094, 0.00405998, 0.00604004, 0.00755363, 0.00894643, 0.0100911, 0.0112998, 0.0122811, 0.0134289, 0.0142919, 0.0153468, 0.0162819, 0.0172732, 0.0181811, 0.0191457, 0.0200665, 0.0208681, 0.0221228, 0.0225914, 0.0237555, 0.0246857, 0.0254834, 0.0263707, 0.027329, 0.0282963, 0.0291398, 0.029915, 0.0307186, 0.0316113, 0.0325825, 0.0334796, 0.0343514, 0.0352583, 0.035957, 0.0366907, 0.0374435, 0.0381833, 0.0389821, 0.0397769, 0.0405691, 0.0414518, 0.0422593, 0.0430435, 0.0437416, 0.0450034, 0.0452844, 0.0460859, 0.0468462, 0.0471629, 0.0502469, 0.0483207, 0.0494929, 0.0500108, 0.0506496, 0.0512333, 0.0518398, 0.0523974, 0.0529554, 0.0535133, 0.054062, 0.054604, 0.0551391, 0.0556661, 0.0561875, 0.0566994, 0.0572046, 0.0577018, 0.0581919, 0.0586743, 0.0591491, 0.0596162, 0.0600758, 0.0605276, 0.060972, 0.0614018, 0.0618339, 0.0622522, 0.0627024, 0.063086, 0.0634974, 0.0638787, 0.0642631, 0.0646359, 0.0650073, 0.0653624, 0.0657162, 0.0660577, 0.0663945, 0.0667208, 0.0670418, 0.0673527, 0.0676625, 0.0679532, 0.0682471, 0.0685224, 0.0686626
9.3657e-05, -0.000811496, 0.000687108, -0.000606717, 0.000557647, 0.00295455, 0.00445575, 0.00553853, 0.00654564, 0.00740571, 0.00823978, 0.00894995, 0.00969714, 0.0103038, 0.0109453, 0.0115321, 0.0120468, 0.0125966, 0.0130541, 0.0134949, 0.0141317, 0.0140516, 0.0150461, 0.01514, 0.0154318, 0.0158952, 0.0163067, 0.0165317, 0.0167182, 0.0170422, 0.0174715, 0.0178739, 0.018134, 0.0182661, 0.0184541, 0.0186513, 0.0187957, 0.0192553, 0.0195886, 0.0199249, 0.0202776, 0.0205407, 0.0207733, 0.0209964, 0.0210797, 0.0212453, 0.0214104, 0.0216841, 0.0212794, 0.0220206, 0.0221125, 0.0222818, 0.022943, 0.0203743, 0.0236353, 0.0232671, 0.0236655, 0.0238862, 0.0241816, 0.0244247, 0.0247203, 0.0249864, 0.0252346, 0.0254495, 0.0256678, 0.0258781, 0.0260852, 0.0262853, 0.0264828, 0.0266745, 0.0268619, 0.0270439, 0.0272211, 0.0273933, 0.0275605, 0.0277226, 0.0278798, 0.0280317, 0.0281865, 0.0283245, 0.0284647, 0.0285535, 0.0287058, 0.0288116, 0.0289384, 0.0290473, 0.0291557, 0.0292515, 0.0293522, 0.0294402, 0.0295286, 0.0296082, 0.0296861, 0.0297561, 0.0298238, 0.0298788, 0.0299421, 0.0299878, 0.0300412, 0.030058
5.36267e-05, -0.000464651, 0.000393429, -0.000347398, 0.000319155, 0.00204, 0.00294525, 0.00377827, 0.00443112, 0.00508839, 0.00565848, 0.00629474, 0.00682803, 0.00748355, 0.00801689, 0.00867274, 0.00926524, 0.00992684, 0.0105622, 0.0112769, 0.0116709, 0.0129822, 0.0129406, 0.0139724, 0.0148093, 0.0153976, 0.0159631, 0.016793, 0.0177134, 0.0184476, 0.0189998, 0.0195423, 0.020248, 0.0211454, 0.0219859, 0.0227819, 0.0236852, 0.0241359, 0.0247237, 0.0252862, 0.0257355, 0.0264211, 0.0270724, 0.0277391, 0.0285963, 0.029341, 0.0300835, 0.030701, 0.0320905, 0.0321387, 0.032866, 0.0335613, 0.0336105, 0.0375827, 0.0344414, 0.0357019, 0.0360168, 0.0365441, 0.0369586, 0.0374281, 0.0378213, 0.0382546, 0.0386689, 0.0391023, 0.0395252, 0.0399467, 0.0403623, 0.0407764, 0.0411834, 0.0415872, 0.041986, 0.0423811, 0.0427717, 0.043158, 0.04354, 0.0439176, 0.0442908, 0.0446599, 0.0450149, 0.0453798, 0.0457314, 0.046135, 0.0464507, 0.0468124, 0.0471379, 0.0474744, 0.047801, 0.0481322, 0.0484469, 0.0487663, 0.0490746, 0.049383, 0.0496828, 0.0499818, 0.0502728, 0.0505689, 0.0508442, 0.0511305, 0.0513969, 0.0515369
4.70439e-05, -0.000407615, 0.000345135, -0.000304754, 0.000280231, 0.0011841, 0.00189184, 0.00223557, 0.00267621, 0.00292779, 0.00326305, 0.00339133, 0.00364275, 0.00366151, 0.00384799, 0.00376657, 0.00387787, 0.00370669, 0.00371525, 0.00343773, 0.00372749, 0.00267956, 0.00340862, 0.00282092, 0.00234537, 0.0021993, 0.00216464, 0.00176677, 0.00115306, 0.000771717, 0.00065108, 0.000594913, 0.000329795, -0.000230688, -0.000767291, -0.00127068, -0.0019089, -0.00195934, -0.00215797, -0.00231426, -0.00231632, -0.00262028, -0.00290838, -0.00324028, -0.00383629, -0.00431012, -0.00477778, -0.0051291, -0.00643443, -0.0060575, -0.00652234, -0.00696171, -0.00656613, -0.0111812, -0.00671522, -0.00787116, -0.00781711, -0.00804243, -0.00812529, -0.00828567, -0.00836368, -0.00847865, -0.00859254, -0.00875631, -0.00890739, -0.00906495, -0.00922087, -0.00938155, -0.0095397, -0.00970037, -0.00986127, -0.0100241, -0.0101878, -0.0103528, -0.0105189, -0.0106862, -0.0108546, -0.0110247, -0.0111777, -0.0116201, -0.0116499, -0.0117008, -0.0119491, -0.0120807, -0.0122875, -0.0124405, -0.0126383, -0.012813, -0.0129999, -0.0131792, -0.0133675, -0.0135492, -0.0137385, -0.0139228, -0.0141139, -0.014308, -0.0144929, -0.0146871, -0.0148756, -0.0149742
-2.98062e-06, 2.58258e-05, -2.18671e-05, 1.93089e-05, -1.80146e-05, 0.000546602, 0.000636945, 0.00104522, 0.00118388, 0.00154549, 0.00173981, 0.00220204, 0.00246922, 0.00305467, 0.00334367, 0.00408173, 0.0043838, 0.00530069, 0.00570633, 0.00675362, 0.00679737, 0.00878687, 0.00839643, 0.00961082, 0.0108305, 0.0116172, 0.0121327, 0.0131148, 0.014489, 0.015586, 0.0162817, 0.016835, 0.0176058, 0.0188212, 0.0200625, 0.021248, 0.0226812, 0.0232502, 0.0240098, 0.0246589, 0.025084, 0.0258944, 0.0267026, 0.0275508, 0.0288301, 0.0299226, 0.0310299, 0.0319819, 0.0341876, 0.0341582, 0.0352115, 0.0362591, 0.0361578, 0.0427054, 0.0371707, 0.0390942, 0.0393961, 0.040068, 0.0405413, 0.0411066, 0.0415603, 0.0420564, 0.0425549, 0.0430928, 0.0436165, 0.0441428, 0.0446634, 0.0451861, 0.0457013, 0.0462158, 0.0467264, 0.0472354, 0.0477413, 0.0482448, 0.0487455, 0.0492435, 0.0497388, 0.0502321, 0.0506982, 0.0515462, 0.0518394, 0.0521559, 0.0527321, 0.053148, 0.0536601, 0.0540958, 0.0545872, 0.0550432, 0.0555112, 0.0559648, 0.056426, 0.056874, 0.0573309, 0.0577709, 0.0582211, 0.0586656, 0.0590992, 0.0595346, 0.0599652, 0.06018
7.80261e-06, -6.76061e-05, 5.72433e-05, -5.05462e-05, 4.67958e-05, -0.000562917, -0.000653316, -0.00116125, -0.00135454, -0.00183516, -0.0021223, -0.00277538, -0.00316566, -0.00403502, -0.00444461, -0.00555407, -0.0059283, -0.00740273, -0.00788033, -0.00954218, -0.00958698, -0.012445, -0.0120805, -0.0137352, -0.0155528, -0.0168421, -0.0176269, -0.0189919, -0.0210291, -0.0227579, -0.0238865, -0.0247473, -0.0258059, -0.0276322, -0.0294191, -0.0312576, -0.0334439, -0.0344069, -0.0355949, -0.0365848, -0.0372324, -0.0383985, -0.0395712, -0.0408203, -0.0427131, -0.0443712, -0.0460729, -0.0475734, -0.0508204, -0.0509653, -0.0526081, -0.0542331, -0.0542531, -0.0634855, -0.0559402, -0.0587264, -0.0592515, -0.0602777, -0.0610156, -0.061871, -0.0625623, -0.063303, -0.0640428, -0.064839, -0.0656402, -0.0664374, -0.0672291, -0.0680228, -0.0688064, -0.0695888, -0.0703658, -0.0711406, -0.071911, -0.0726779, -0.0734409, -0.0742001, -0.0749555, -0.075708, -0.0764228, -0.0776674, -0.078142, -0.078649, -0.0795162, -0.0801609, -0.080939, -0.081611, -0.0823601, -0.0830601, -0.0837766, -0.084473, -0.0851799, -0.0858683, -0.086569, -0.0872462, -0.0879373, -0.0886204, -0.0892884, -0.0899586, -0.0906221, -0.090953
-2.09135e-06, 1.81207e-05, -1.53431e-05, 1.3548e-05, -1.2512e-05, 7.71305e-05, 9.5779e-05, 0.000189076, 0.00024686, 0.000343705, 0.000428734, 0.000576632, 0.000681218, 0.000903077, 0.0010127, 0.00129247, 0.00138408, 0.00180347, 0.001887, 0.0023568, 0.00239113, 0.00306079, 0.00310226, 0.00346627, 0.00392938, 0.00434384, 0.00458521, 0.00488967, 0.00541176, 0.00592598, 0.00629607, 0.00655535, 0.006813, 0.007246, 0.00772135, 0.00825686, 0.00889275, 0.00925316, 0.00964508, 0.0099617, 0.0101675, 0.0104555, 0.0107186, 0.0109893, 0.0113889, 0.0117443, 0.0121146, 0.012446, 0.0131753, 0.0132148, 0.0135953, 0.0139757, 0.014, 0.0160904, 0.0144248, 0.015075, 0.0152188, 0.0154764, 0.015669, 0.0158887, 0.0160714, 0.016265, 0.0164589, 0.0166648, 0.0168719, 0.017078, 0.0172828, 0.0174879, 0.0176908, 0.0178932, 0.0180944, 0.018295, 0.0184946, 0.0186932, 0.0188909, 0.0190877, 0.0192835, 0.0194787, 0.0196652, 0.0199703, 0.0201029, 0.0202427, 0.020463, 0.0206334, 0.0208335, 0.0210098, 0.0212033, 0.0213857, 0.0215716, 0.021753, 0.0219366, 0.022116, 0.022298, 0.0224746, 0.0226542, 0.0228319, 0.0230062, 0.0231808, 0.0233538, 0.02344
